"ga.eprr.0.7" "ga.eprr.0.8" "ga.eprr.0.9" "ga.epr" "lin.reg" "svm" "rpart" "rf" "ci.tree"
"1" 0.33835 0.37513 0.33712 0.37978 0.39807 0.39786 0.42584 0.34876 0.41680
"2" 0.40532 0.42215 0.40205 0.38883 0.47455 0.48504 0.42227 0.39448 0.43874
"3" 0.40831 0.42977 0.36951 0.37804 0.43330 0.44319 0.39172 0.34731 0.40003
"4" 0.40891 0.31882 0.34529 0.31785 0.41431 0.40303 0.43621 0.34316 0.42271
"5" 0.43151 0.40705 0.42269 0.37848 0.45744 0.46372 0.49363 0.41775 0.48362
"6" 0.34744 0.32661 0.34448 0.39279 0.40765 0.42428 0.45943 0.30392 0.44297
"7" 0.40453 0.36409 0.39714 0.41677 0.42685 0.43546 0.47550 0.37654 0.44524
"8" 0.33495 0.36240 0.43775 0.34755 0.43195 0.43557 0.46725 0.41254 0.46830
"9" 0.38961 0.39602 0.40813 0.40088 0.42438 0.42172 0.48330 0.40297 0.47541
"10" 0.36001 0.36175 0.37955 0.35684 0.40967 0.43038 0.45635 0.39968 0.46178
"11" 0.40987 0.58732 0.39351 0.44083 0.44886 0.43978 0.50433 0.39163 0.44466
"12" 0.39398 0.41040 0.37823 0.39296 0.43827 0.43404 0.44180 0.37620 0.42281
"13" 0.36783 0.38752 0.66015 0.38715 0.45228 0.46475 0.49037 0.37440 0.46794
"14" 0.38878 0.37568 0.37727 0.34405 0.40232 0.37691 0.42426 0.39008 0.44188
"15" 0.43882 0.44303 0.40429 0.39156 0.42727 0.45230 0.48939 0.41320 0.46976
"16" 0.33361 0.40266 0.41751 0.35348 0.46919 0.48924 0.53713 0.41062 0.50581
"17" 0.39852 0.42335 0.35250 0.44505 0.43001 0.43181 0.39676 0.33121 0.38147
"18" 0.38275 0.38669 0.41453 0.35244 0.44138 0.46118 0.45773 0.37733 0.44278
"19" 0.36414 0.43260 0.62414 0.39253 0.39647 0.40886 0.42856 0.33795 0.44516
"20" 0.34258 0.36066 0.38924 0.34848 0.46135 0.48714 0.46239 0.37031 0.43822
"21" 0.40177 0.41432 0.35672 0.37572 0.43364 0.44707 0.45584 0.36603 0.46435
"22" 0.3602  0.43868 0.38042 0.38954 0.40564 0.42119 0.48168 0.39562 0.49271
"23" 0.37812 0.39345 0.39352 0.37741 0.40744 0.43698 0.51057 0.41693 0.47192
"24" 0.36362 0.41226 0.31154 0.38559 0.40424 0.41199 0.42952 0.33106 0.37118
"25" 0.3801  0.33841 0.39287 0.40405 0.48634 0.52945 0.50589 0.38321 0.47426
"26" 0.39199 0.37513 0.35356 0.41469 0.40147 0.39429 0.38865 0.32185 0.38467
"27" 0.37426 0.41456 0.38499 0.68040 0.39471 0.41716 0.40399 0.30555 0.40145
"28" 0.35761 0.37026 0.40898 0.49019 0.39249 0.39117 0.45094 0.33013 0.39265
"29" 0.36623 0.35554 0.39549 0.37797 0.43114 0.43003 0.53820 0.39867 0.48421
"30" 0.38242 0.36795 0.45836 0.37894 0.39514 0.39783 0.42137 0.30010 0.39341
"31" 0.3992  0.37788 0.76625 0.47113 0.41649 0.41495 0.41856 0.37025 0.43529
"32" 0.70134 0.47731 0.37917 0.41406 0.42971 0.42370 0.48450 0.33816 0.43541
"33" 0.31993 0.36309 0.37344 0.45845 0.41581 0.40787 0.39348 0.32092 0.39571
"34" 0.35483 0.38857 0.44428 0.40734 0.42551 0.42253 0.41881 0.33941 0.40871
"35" 0.40937 0.35675 0.36521 0.38272 0.49370 0.50978 0.44511 0.40168 0.50682
"36" 0.35091 0.43044 0.35914 0.39430 0.46091 0.47336 0.46556 0.38840 0.49637
"37" 0.42098 0.36391 0.36457 0.44333 0.47309 0.48782 0.51258 0.40190 0.47738
"38" 0.4096  0.33737 0.43757 0.36236 0.43701 0.47771 0.42537 0.40178 0.44929
"39" 0.34485 0.35153 0.42197 0.40750 0.49990 0.50850 0.53326 0.41889 0.48326
"40" 0.35259 0.36428 0.36805 0.40072 0.40685 0.40911 0.43274 0.33515 0.40208
"41" 0.41438 0.34560 0.35173 0.47807 0.36291 0.36286 0.43039 0.28829 0.35115
"42" 0.38617 0.37047 0.37720 0.37450 0.48319 0.49723 0.52409 0.44603 0.53620
"43" 0.39983 0.41696 0.36211 0.41119 0.42429 0.42286 0.41785 0.38462 0.45109
"44" 0.35609 0.40397 0.36464 0.31962 0.44938 0.46139 0.53139 0.41828 0.46201
"45" 0.37145 0.36276 0.35701 0.37529 0.41097 0.39576 0.37003 0.31741 0.36132
"46" 0.44009 0.41521 0.44488 0.39742 0.43364 0.44707 0.45584 0.36202 0.46435
"47" 0.43243 0.47366 0.39662 0.38446 0.41826 0.42025 0.50313 0.35063 0.40728
"48" 0.31142 0.35488 0.43149 0.39671 0.39620 0.42314 0.43890 0.36641 0.40645
"49" 0.39081 0.37446 0.38699 0.54007 0.40274 0.37999 0.46416 0.33686 0.40735
"50" 0.35931 0.37768 0.34758 0.39380 0.39733 0.38969 0.40929 0.33968 0.43453
"51" 0.45161 0.39773 0.37950 0.38420 0.42416 0.42588 0.47854 0.37509 0.47353
"52" 0.42608 0.34952 0.36396 0.41838 0.44241 0.47538 0.42280 0.37549 0.40609
"53" 0.36468 0.43889 0.38322 0.35558 0.40571 0.40813 0.41342 0.30190 0.37787
"54" 0.41497 0.41314 0.35350 0.71379 0.45420 0.45882 0.45690 0.38205 0.44454
"55" 0.41582 0.43573 0.38628 0.38829 0.39703 0.40258 0.40151 0.32453 0.40920
"56" 0.43715 0.35560 0.40171 0.73299 0.45774 0.45548 0.45505 0.37295 0.43428
"57" 0.38543 0.43714 0.44499 0.38708 0.42590 0.40992 0.42174 0.33025 0.44619
"58" 0.44776 0.43278 0.39867 0.35447 0.38349 0.41586 0.39846 0.31839 0.37514
"59" 0.37636 0.45046 0.41628 0.37848 0.41579 0.41597 0.44177 0.32230 0.39055
"60" 0.41757 0.31108 0.53564 0.32701 0.42814 0.43227 0.45854 0.32613 0.40613
"61" 0.35079 0.41500 0.36416 0.28683 0.43402 0.46163 0.44752 0.34675 0.46463
"62" 0.41775 0.40726 0.37177 0.39047 0.41272 0.43147 0.43246 0.34391 0.38308
"63" 0.40935 0.41607 0.46738 0.37712 0.46949 0.48162 0.44525 0.38726 0.48568
"64" 0.41763 0.40972 0.39568 0.37035 0.40841 0.43957 0.54786 0.41005 0.45784
"65" 0.3798  0.35643 0.44714 0.32668 0.43591 0.45646 0.41670 0.36050 0.43541
"66" 0.44143 0.44838 0.35084 0.37604 0.44597 0.46147 0.41583 0.35434 0.43804
"67" 0.36779 0.45992 0.87991 0.36779 0.42360 0.42457 0.44399 0.32955 0.42375
"68" 0.31923 0.42416 0.45323 0.37780 0.43913 0.41902 0.43284 0.33098 0.44748
"69" 0.41798 0.43574 0.53079 0.43481 0.40417 0.39561 0.47843 0.36588 0.46426
"70" 0.3633  0.36904 0.38718 0.39428 0.44870 0.45757 0.41600 0.34829 0.47600
"71" 0.38428 0.35398 0.56844 0.39376 0.37031 0.37484 0.34945 0.31427 0.34790
"72" 0.36629 0.41323 0.40541 0.32884 0.41873 0.41129 0.38613 0.33231 0.44719
"73" 0.42969 0.40257 0.34060 0.33590 0.45561 0.46877 0.48462 0.38573 0.48537
"74" 0.40965 0.32888 0.33691 0.36741 0.41983 0.42514 0.44412 0.37278 0.40161
"75" 0.42454 0.44489 0.42105 0.33054 0.47578 0.48035 0.46143 0.36890 0.44938
 