1.13351,0.440815,-0.0549122,-0.354484,0.335198,0.846382,0.0729854 
1.16457,0.597053,-0.685871,-0.163467,0.372571,0.310524,0.0729854 
1.03159,0.636621,-0.982018,0.41965,0.660329,-0.343049,0.0729854 
0.790583,0.446275,-0.259722,0.740428,0.444468,-0.809015,0.164991 
0.638789,-0.119436,0.23519,0.962435,0.301358,-0.630101,0.5597 
0.643854,-0.455391,0.157191,0.708617,-0.216183,0.169244,0.776321 
0.972902,-0.545174,0.440815,-0.0549122,-0.354484,0.335198,0.846382 
1.13309,0.159525,0.597053,-0.685871,-0.163467,0.372571,0.310524 
1.1739,0.581726,0.636621,-0.982018,0.41965,0.660329,-0.343049 
1.22107,0.673479,0.446275,-0.259722,0.740428,0.444468,-0.809015 
0.948134,0.83213,-0.119436,0.23519,0.962435,0.301358,-0.630101 
0.715486,0.252959,-0.455391,0.157191,0.708617,-0.216183,0.169244 
0.52046,-0.298249,-0.545174,0.440815,-0.0549122,-0.354484,0.335198 
0.681003,-0.759041,0.159525,0.597053,-0.685871,-0.163467,0.372571 
1.00729,-0.524612,0.581726,0.636621,-0.982018,0.41965,0.660329 
1.06412,0.247596,0.673479,0.446275,-0.259722,0.740428,0.444468 
1.11943,0.424201,0.83213,-0.119436,0.23519,0.962435,0.301358 
1.15228,0.492958,0.252959,-0.455391,0.157191,0.708617,-0.216183 
0.97118,0.669422,-0.298249,-0.545174,0.440815,-0.0549122,-0.354484 
0.829664,0.293126,-0.759041,0.159525,0.597053,-0.685871,-0.163467 
0.63876,0.0268958,-0.524612,0.581726,0.636621,-0.982018,0.41965 
0.767701,-0.441657,0.247596,0.673479,0.446275,-0.259722,0.740428 
1.03258,-0.289717,0.424201,0.83213,-0.119436,0.23519,0.962435 
1.16606,0.247614,0.492958,0.252959,-0.455391,0.157191,0.708617 
1.25439,0.645012,0.669422,-0.298249,-0.545174,0.440815,-0.0549122 
1.1956,0.83828,0.293126,-0.759041,0.159525,0.597053,-0.685871 
0.875715,0.858844,0.0268958,-0.524612,0.581726,0.636621,-0.982018 
0.612521,0.161237,-0.441657,0.247596,0.673479,0.446275,-0.259722 
0.456996,-0.474154,-0.289717,0.424201,0.83213,-0.119436,0.23519 
0.740301,-0.915787,0.247614,0.492958,0.252959,-0.455391,0.157191 
1.00175,-0.502899,0.645012,0.669422,-0.298249,-0.545174,0.440815 
0.989584,0.222634,0.83828,0.293126,-0.759041,0.159525,0.597053 
1.09498,0.260263,0.858844,0.0268958,-0.524612,0.581726,0.636621 
1.12496,0.369378,0.161237,-0.441657,0.247596,0.673479,0.446275 
1.0659,0.615874,-0.474154,-0.289717,0.424201,0.83213,-0.119436 
0.956363,0.500589,-0.915787,0.247614,0.492958,0.252959,-0.455391 
0.744988,0.403496,-0.502899,0.645012,0.669422,-0.298249,-0.545174 
0.725634,-0.139502,0.222634,0.83828,0.293126,-0.759041,0.159525 
0.835305,-0.339301,0.260263,0.858844,0.0268958,-0.524612,0.581726 
1.09773,-0.343072,0.369378,0.161237,-0.441657,0.247596,0.673479 
1.23149,0.279879,0.615874,-0.474154,-0.289717,0.424201,0.83213 
1.31674,0.688444,0.500589,-0.915787,0.247614,0.492958,0.252959 
1.11726,0.877849,0.403496,-0.502899,0.645012,0.669422,-0.298249 
0.769003,0.855323,-0.139502,0.222634,0.83828,0.293126,-0.759041 
0.505498,0.119213,-0.339301,0.260263,0.858844,0.0268958,-0.524612 
0.44451,-0.541632,-0.343072,0.369378,0.161237,-0.441657,0.247596 
0.82808,-0.959989,0.279879,0.615874,-0.474154,-0.289717,0.424201 
0.969304,-0.483377,0.688444,0.500589,-0.915787,0.247614,0.492958 
0.927722,0.204133,0.877849,0.403496,-0.502899,0.645012,0.669422 
1.10105,0.203473,0.855323,-0.139502,0.222634,0.83828,0.293126 
1.13669,0.336308,0.119213,-0.339301,0.260263,0.858844,0.0268958 
1.17705,0.610304,-0.541632,-0.343072,0.369378,0.161237,-0.441657 
1.02828,0.582287,-0.959989,0.279879,0.615874,-0.474154,-0.289717 
0.786571,0.522802,-0.483377,0.688444,0.500589,-0.915787,0.247614 
0.623404,-0.0512507,0.204133,0.877849,0.403496,-0.502899,0.645012 
0.634761,-0.374308,0.203473,0.855323,-0.139502,0.222634,0.83828 
0.96941,-0.538875,0.336308,0.119213,-0.339301,0.260263,0.858844 
1.12248,0.0740805,0.610304,-0.541632,-0.343072,0.369378,0.161237 
1.15762,0.572719,0.582287,-0.959989,0.279879,0.615874,-0.474154 
1.21474,0.707057,0.522802,-0.483377,0.688444,0.500589,-0.915787 
0.956312,0.884102,-0.0512507,0.204133,0.877849,0.403496,-0.502899 
0.739479,0.338559,-0.374308,0.203473,0.855323,-0.139502,0.222634 
0.541876,-0.286689,-0.538875,0.336308,0.119213,-0.339301,0.260263 
0.686816,-0.774039,0.0740805,0.610304,-0.541632,-0.343072,0.369378 
1.01314,-0.664723,0.572719,0.582287,-0.959989,0.279879,0.615874 
1.08659,0.153273,0.707057,0.522802,-0.483377,0.688444,0.500589 
1.14148,0.367545,0.884102,-0.0512507,0.204133,0.877849,0.403496 
1.15946,0.375658,0.338559,-0.374308,0.203473,0.855323,-0.139502 
0.944116,0.668236,-0.286689,-0.538875,0.336308,0.119213,-0.339301 
0.77794,0.40775,-0.774039,0.0740805,0.610304,-0.541632,-0.343072 
0.597415,0.253813,-0.664723,0.572719,0.582287,-0.959989,0.279879 
0.77225,-0.242928,0.153273,0.707057,0.522802,-0.483377,0.688444 
1.05874,-0.334974,0.367545,0.884102,-0.0512507,0.204133,0.877849 
1.14859,-0.0615781,0.375658,0.338559,-0.374308,0.203473,0.855323 
1.23446,0.48896,0.668236,-0.286689,-0.538875,0.336308,0.119213 
1.14589,0.778303,0.40775,-0.774039,0.0740805,0.610304,-0.541632 
0.854151,0.990292,0.253813,-0.664723,0.572719,0.582287,-0.959989 
0.621275,0.598348,-0.242928,0.153273,0.707057,0.522802,-0.483377 
0.497561,-0.164198,-0.334974,0.367545,0.884102,-0.0512507,0.204133 
0.809314,-0.767172,-0.0615781,0.375658,0.338559,-0.374308,0.203473 
1.04309,-0.953414,0.48896,0.668236,-0.286689,-0.538875,0.336308 
1.03675,-0.130017,0.778303,0.40775,-0.774039,0.0740805,0.610304 
1.1608,0.238097,0.990292,0.253813,-0.664723,0.572719,0.582287 
1.09025,0.146203,0.598348,-0.242928,0.153273,0.707057,0.522802 
0.969458,0.5062,-0.164198,-0.334974,0.367545,0.884102,-0.0512507 
0.796073,0.592409,-0.767172,-0.0615781,0.375658,0.338559,-0.374308 
0.670357,0.661506,-0.953414,0.48896,0.668236,-0.286689,-0.538875 
0.82493,0.365697,-0.130017,0.778303,0.40775,-0.774039,0.0740805 
1.06856,-0.170406,0.238097,0.990292,0.253813,-0.664723,0.572719 
1.19125,-0.50806,0.146203,0.598348,-0.242928,0.153273,0.707057 
1.29169,-0.496793,0.5062,-0.164198,-0.334974,0.367545,0.884102 
1.15852,0.235152,0.592409,-0.767172,-0.0615781,0.375658,0.338559 
0.826538,0.591487,0.661506,-0.953414,0.48896,0.668236,-0.286689 
0.556247,0.682248,0.365697,-0.130017,0.778303,0.40775,-0.774039 
0.443648,0.787177,-0.170406,0.238097,0.990292,0.253813,-0.664723 
0.786799,0.180056,-0.50806,0.146203,0.598348,-0.242928,0.153273 
0.989474,-0.337454,-0.496793,0.5062,-0.164198,-0.334974,0.367545 
0.955875,-0.771275,0.235152,0.592409,-0.767172,-0.0615781,0.375658 
1.09767,-0.414158,0.591487,0.661506,-0.953414,0.48896,0.668236 
1.12474,0.311654,0.682248,0.365697,-0.130017,0.778303,0.40775 
1.12205,0.438059,0.787177,-0.170406,0.238097,0.990292,0.253813 
0.997547,0.561095,0.180056,-0.50806,0.146203,0.598348,-0.242928 
0.774067,0.634169,-0.337454,-0.496793,0.5062,-0.164198,-0.334974 
0.676307,0.231321,-0.771275,0.235152,0.592409,-0.767172,-0.0615781 
0.724453,-0.0834712,-0.414158,0.591487,0.661506,-0.953414,0.48896 
1.03036,-0.508125,0.311654,0.682248,0.365697,-0.130017,0.778303 
1.18014,-0.221304,0.438059,0.787177,-0.170406,0.238097,0.990292 
1.25067,0.36789,0.561095,0.180056,-0.50806,0.146203,0.598348 
1.199,0.664825,0.634169,-0.337454,-0.496793,0.5062,-0.164198 
0.871147,0.861297,0.231321,-0.771275,0.235152,0.592409,-0.767172 
0.606028,0.730528,-0.0834712,-0.414158,0.591487,0.661506,-0.953414 
0.451637,0.018966,-0.508125,0.311654,0.682248,0.365697,-0.130017 
0.735536,-0.566492,-0.221304,0.438059,0.787177,-0.170406,0.238097 
0.994563,-0.912446,0.36789,0.561095,0.180056,-0.50806,0.146203 
0.980986,-0.282253,0.664825,0.634169,-0.337454,-0.496793,0.5062 
1.0857,0.299318,0.861297,0.231321,-0.771275,0.235152,0.592409 
1.12896,0.272259,0.730528,-0.0834712,-0.414158,0.591487,0.661506 
1.08281,0.506712,0.018966,-0.508125,0.311654,0.682248,0.365697 
0.98225,0.573396,-0.566492,-0.221304,0.438059,0.787177,-0.170406 
0.759663,0.44201,-0.912446,0.36789,0.561095,0.180056,-0.50806 
0.711115,0.198362,-0.282253,0.664825,0.634169,-0.337454,-0.496793 
0.786458,-0.271828,0.299318,0.861297,0.231321,-0.771275,0.235152 
1.06735,-0.31488,0.272259,0.730528,-0.0834712,-0.414158,0.591487 
1.21168,-0.0709252,0.506712,0.018966,-0.508125,0.311654,0.682248 
1.29907,0.512824,0.573396,-0.566492,-0.221304,0.438059,0.787177 
1.16577,0.810368,0.44201,-0.912446,0.36789,0.561095,0.180056 
0.817795,1,0.198362,-0.282253,0.664825,0.634169,-0.337454 
0.544281,0.556266,-0.271828,0.299318,0.861297,0.231321,-0.771275 
0.430475,-0.218408,-0.31488,0.272259,0.730528,-0.0834712,-0.414158 
0.778326,-0.804558,-0.0709252,0.506712,0.018966,-0.508125,0.311654 
0.975514,-0.940221,0.512824,0.573396,-0.566492,-0.221304,0.438059 
0.937056,-0.0869949,0.810368,0.44201,-0.912446,0.36789,0.561095 
1.08072,0.227147,1,0.198362,-0.282253,0.664825,0.634169 
1.13392,0.134651,0.556266,-0.271828,0.299318,0.861297,0.231321 
1.15513,0.520198,-0.218408,-0.31488,0.272259,0.730528,-0.0834712 
1.04736,0.599495,-0.804558,-0.0709252,0.506712,0.018966,-0.508125 
0.800215,0.689255,-0.940221,0.512824,0.573396,-0.566492,-0.221304 
0.653775,0.358344,-0.0869949,0.810368,0.44201,-0.912446,0.36789 
0.638103,-0.17933,0.227147,1,0.198362,-0.282253,0.664825 
0.961408,-0.542285,0.134651,0.556266,-0.271828,0.299318,0.861297 
1.13544,-0.51702,0.520198,-0.218408,-0.31488,0.272259,0.730528 
1.17823,0.227384,0.599495,-0.804558,-0.0709252,0.506712,0.018966 
1.23232,0.567882,0.689255,-0.940221,0.512824,0.573396,-0.566492 
0.958115,0.646047,0.358344,-0.0869949,0.810368,0.44201,-0.912446 
0.71401,0.773112,-0.17933,0.227147,1,0.198362,-0.282253 
0.514348,0.198248,-0.542285,0.134651,0.556266,-0.271828,0.299318 
0.658768,-0.284083,-0.51702,0.520198,-0.218408,-0.31488,0.272259 
0.993749,-0.723636,0.227384,0.599495,-0.804558,-0.0709252,0.506712 
1.05321,-0.401227,0.567882,0.689255,-0.940221,0.512824,0.573396 
1.09873,0.324668,0.646047,0.358344,-0.0869949,0.810368,0.44201 
1.15699,0.488032,0.773112,-0.17933,0.227147,1,0.198362 
0.993276,0.610152,0.198248,-0.542285,0.134651,0.556266,-0.271828 
0.870558,0.650143,-0.284083,-0.51702,0.520198,-0.218408,-0.31488 
0.666072,0.171118,-0.723636,0.227384,0.599495,-0.804558,-0.0709252 
0.751542,-0.198528,-0.401227,0.567882,0.689255,-0.940221,0.512824 
0.991479,-0.600094,0.324668,0.646047,0.358344,-0.0869949,0.810368 
1.16187,-0.211185,0.488032,0.773112,-0.17933,0.227147,1 
1.2531,0.426083,0.610152,0.198248,-0.542285,0.134651,0.556266 
1.24452,0.625964,0.650143,-0.284083,-0.51702,0.520198,-0.218408 
0.924594,0.81696,0.171118,-0.723636,0.227384,0.599495,-0.804558 
0.639247,0.61994,-0.198528,-0.401227,0.567882,0.689255,-0.940221 
0.448991,-0.0290022,-0.600094,0.324668,0.646047,0.358344,-0.0869949 
0.659469,-0.54702,-0.211185,0.488032,0.773112,-0.17933,0.227147 
0.971653,-0.822213,0.426083,0.610152,0.198248,-0.542285,0.134651 
0.977918,-0.128739,0.625964,0.650143,-0.284083,-0.51702,0.520198 
1.03919,0.391277,0.81696,0.171118,-0.723636,0.227384,0.599495 
1.14126,0.377178,0.61994,-0.198528,-0.401227,0.567882,0.689255 
1.09834,0.653128,-0.0290022,-0.600094,0.324668,0.646047,0.358344 
1.04934,0.496188,-0.54702,-0.211185,0.488032,0.773112,-0.17933 
0.803994,0.22749,-0.822213,0.426083,0.610152,0.198248,-0.542285 
0.709924,-0.158192,-0.128739,0.625964,0.650143,-0.284083,-0.51702 
0.703504,-0.43784,0.391277,0.81696,0.171118,-0.723636,0.227384 
0.989522,-0.0940027,0.377178,0.61994,-0.198528,-0.401227,0.567882 
1.17345,0.447928,0.653128,-0.0290022,-0.600094,0.324668,0.646047 
1.25389,0.720842,0.496188,-0.54702,-0.211185,0.488032,0.773112 
1.25085,0.944281,0.22749,-0.822213,0.426083,0.610152,0.198248 
0.924236,0.648054,-0.158192,-0.128739,0.625964,0.650143,-0.284083 
0.6307,-0.0904257,-0.43784,0.391277,0.81696,0.171118,-0.723636 
0.44137,-0.69167,-0.0940027,0.377178,0.61994,-0.198528,-0.401227 
0.64947,-0.942139,0.447928,0.653128,-0.0290022,-0.600094,0.324668 
0.96198,-0.178823,0.720842,0.496188,-0.54702,-0.211185,0.488032 
0.966063,0.272015,0.944281,0.22749,-0.822213,0.426083,0.610152 
1.0238,0.197275,0.648054,-0.158192,-0.128739,0.625964,0.650143 
1.14215,0.512697,-0.0904257,-0.43784,0.391277,0.81696,0.171118 
1.11838,0.572908,-0.69167,-0.0940027,0.377178,0.61994,-0.198528 
1.08572,0.566914,-0.942139,0.447928,0.653128,-0.0290022,-0.600094 
0.831577,0.289971,-0.178823,0.720842,0.496188,-0.54702,-0.211185 
0.702506,-0.207145,0.272015,0.944281,0.22749,-0.822213,0.426083 
0.649173,-0.424604,0.197275,0.648054,-0.158192,-0.128739,0.625964 
0.929593,-0.317508,0.512697,-0.0904257,-0.43784,0.391277,0.81696 
1.1408,0.36296,0.572908,-0.69167,-0.0940027,0.377178,0.61994 
1.20803,0.696144,0.566914,-0.942139,0.447928,0.653128,-0.0290022 
1.2685,0.853024,0.289971,-0.178823,0.720842,0.496188,-0.54702 
0.991229,0.738088,-0.207145,0.272015,0.944281,0.22749,-0.822213 
0.7022,0.00880303,-0.424604,0.197275,0.648054,-0.158192,-0.128739 
0.488164,-0.580935,-0.317508,0.512697,-0.0904257,-0.43784,0.391277 
0.585861,-0.924367,0.36296,0.572908,-0.69167,-0.0940027,0.377178 
0.946683,-0.292854,0.696144,0.566914,-0.942139,0.447928,0.653128 
1.00876,0.283334,0.853024,0.289971,-0.178823,0.720842,0.496188 
1.02329,0.253134,0.738088,-0.207145,0.272015,0.944281,0.22749 
1.15594,0.486069,0.00880303,-0.424604,0.197275,0.648054,-0.158192 
1.07209,0.5823,-0.580935,-0.317508,0.512697,-0.0904257,-0.43784 
1.02863,0.479627,-0.924367,0.36296,0.572908,-0.69167,-0.0940027 
0.794603,0.255944,-0.292854,0.696144,0.566914,-0.942139,0.447928 
0.720937,-0.239185,0.283334,0.853024,0.289971,-0.178823,0.720842 
0.762922,-0.347176,0.253134,0.738088,-0.207145,0.272015,0.944281 
1.0249,-0.179582,0.486069,0.00880303,-0.424604,0.197275,0.648054 
1.19299,0.445253,0.5823,-0.580935,-0.317508,0.512697,-0.0904257 
1.29202,0.7663,0.479627,-0.924367,0.36296,0.572908,-0.69167 
1.22932,0.960697,0.255944,-0.292854,0.696144,0.566914,-0.942139 
0.882902,0.664174,-0.239185,0.283334,0.853024,0.289971,-0.178823 
0.585276,-0.109875,-0.347176,0.253134,0.738088,-0.207145,0.272015 
0.418554,-0.718288,-0.179582,0.486069,0.00880303,-0.424604,0.197275 
0.690748,-0.97144,0.445253,0.5823,-0.580935,-0.317508,0.512697 
0.959777,-0.19767,0.7663,0.479627,-0.924367,0.36296,0.572908 
0.93601,0.240962,0.960697,0.255944,-0.292854,0.696144,0.566914 
1.02685,0.155414,0.664174,-0.239185,0.283334,0.853024,0.289971 
1.13979,0.474986,-0.109875,-0.347176,0.253134,0.738088,-0.207145 
1.15813,0.593322,-0.718288,-0.179582,0.486069,0.00880303,-0.424604 
1.1206,0.640509,-0.97144,0.445253,0.5823,-0.580935,-0.317508 
0.852807,0.40078,-0.19767,0.7663,0.479627,-0.924367,0.36296 
0.677635,-0.14898,0.240962,0.960697,0.255944,-0.292854,0.696144 
0.579833,-0.474725,0.155414,0.664174,-0.239185,0.283334,0.853024 
0.864299,-0.509587,0.474986,-0.109875,-0.347176,0.253134,0.738088 
1.09769,0.209583,0.593322,-0.718288,-0.179582,0.486069,0.00880303 
1.13674,0.596706,0.640509,-0.97144,0.445253,0.5823,-0.580935 
1.23749,0.691892,0.40078,-0.19767,0.7663,0.479627,-0.924367 
1.04934,0.812219,-0.14898,0.240962,0.960697,0.255944,-0.292854 
0.805881,0.202257,-0.474725,0.155414,0.664174,-0.239185,0.283334 
0.591276,-0.340737,-0.509587,0.474986,-0.109875,-0.347176,0.253134 
0.579292,-0.78487,0.209583,0.593322,-0.718288,-0.179582,0.486069 
0.924729,-0.463619,0.596706,0.640509,-0.97144,0.445253,0.5823 
1.08498,0.281523,0.691892,0.40078,-0.19767,0.7663,0.479627 
1.09432,0.413781,0.812219,-0.14898,0.240962,0.960697,0.255944 
1.20412,0.515045,0.202257,-0.474725,0.155414,0.664174,-0.239185 
1.00919,0.644651,-0.340737,-0.509587,0.474986,-0.109875,-0.347176 
0.849872,0.280471,-0.78487,0.209583,0.593322,-0.718288,-0.179582 
0.638762,0.00749329,-0.463619,0.596706,0.640509,-0.97144,0.445253 
0.677479,-0.447371,0.281523,0.691892,0.40078,-0.19767,0.7663 
0.972023,-0.257248,0.413781,0.812219,-0.14898,0.240962,0.960697 
1.14055,0.276474,0.515045,0.202257,-0.474725,0.155414,0.664174 
1.19434,0.655487,0.644651,-0.340737,-0.509587,0.474986,-0.109875 
1.23384,0.858435,0.280471,-0.78487,0.209583,0.593322,-0.718288 
0.944626,0.839354,0.00749329,-0.463619,0.596706,0.640509,-0.97144 
0.697384,0.127693,-0.447371,0.281523,0.691892,0.40078,-0.19767 
0.49856,-0.507042,-0.257248,0.413781,0.812219,-0.14898,0.240962 
0.668236,-0.930254,0.276474,0.515045,0.202257,-0.474725,0.155414 
0.996114,-0.462059,0.655487,0.644651,-0.340737,-0.509587,0.474986 
1.03937,0.232372,0.858435,0.280471,-0.78487,0.209583,0.593322 
1.09201,0.246309,0.839354,0.00749329,-0.463619,0.596706,0.640509 
1.14895,0.382604,0.127693,-0.447371,0.281523,0.691892,0.40078 
1.00666,0.609659,-0.507042,-0.257248,0.413781,0.812219,-0.14898 
0.89589,0.514178,-0.930254,0.276474,0.515045,0.202257,-0.474725 
0.68846,0.405186,-0.462059,0.655487,0.644651,-0.340737,-0.509587 
0.752941,-0.140573,0.232372,0.858435,0.280471,-0.78487,0.209583 
0.961846,-0.349825,0.246309,0.839354,0.00749329,-0.463619,0.596706 
1.15551,-0.364108,0.382604,0.127693,-0.447371,0.281523,0.691892 
1.25673,0.272122,0.609659,-0.507042,-0.257248,0.413781,0.812219 
1.27518,0.681261,0.514178,-0.930254,0.276474,0.515045,0.202257 
0.963352,0.860184,0.405186,-0.462059,0.655487,0.644651,-0.340737 
0.658309,0.853427,-0.140573,0.232372,0.858435,0.280471,-0.78487 
0.447993,0.126898,-0.349825,0.246309,0.839354,0.00749329,-0.463619 
0.598888,-0.526053,-0.364108,0.382604,0.127693,-0.447371,0.281523 
0.94431,-0.947207,0.272122,0.609659,-0.507042,-0.257248,0.413781 
0.96838,-0.484302,0.681261,0.514178,-0.930254,0.276474,0.515045 
0.996775,0.210855,0.860184,0.405186,-0.462059,0.655487,0.644651 
1.14346,0.219939,0.853427,-0.140573,0.232372,0.858435,0.280471 
1.12107,0.34836,0.126898,-0.349825,0.246309,0.839354,0.00749329 
1.11484,0.611636,-0.526053,-0.364108,0.382604,0.127693,-0.447371 
0.864016,0.558751,-0.947207,0.272122,0.609659,-0.507042,-0.257248 
0.714201,0.486102,-0.484302,0.681261,0.514178,-0.930254,0.276474 
0.629997,-0.0792164,0.210855,0.860184,0.405186,-0.462059,0.655487 
0.875379,-0.366327,0.219939,0.853427,-0.140573,0.232372,0.858435 
1.11679,-0.484962,0.34836,0.126898,-0.349825,0.246309,0.839354 
1.18967,0.138814,0.611636,-0.526053,-0.364108,0.382604,0.127693 
1.2722,0.608623,0.558751,-0.947207,0.272122,0.609659,-0.507042 
1.04547,0.758168,0.486102,-0.484302,0.681261,0.514178,-0.930254 
0.749976,0.89268,-0.0792164,0.210855,0.860184,0.405186,-0.462059 
0.523832,0.275919,-0.366327,0.219939,0.853427,-0.140573,0.232372 
0.536641,-0.367007,-0.484962,0.34836,0.126898,-0.349825,0.246309 
0.91117,-0.843115,0.138814,0.611636,-0.526053,-0.364108,0.382604 
1.0244,-0.625795,0.608623,0.558751,-0.947207,0.272122,0.609659 
1.01513,0.176829,0.758168,0.486102,-0.484302,0.681261,0.514178 
1.16337,0.314912,0.89268,-0.0792164,0.210855,0.860184,0.405186 
1.0696,0.347242,0.275919,-0.366327,0.219939,0.853427,-0.140573 
1.01836,0.642316,-0.367007,-0.484962,0.34836,0.126898,-0.349825 
0.800879,0.455794,-0.843115,0.138814,0.611636,-0.526053,-0.364108 
0.715353,0.359122,-0.625795,0.608623,0.558751,-0.947207,0.272122 
0.785531,-0.161464,0.176829,0.758168,0.486102,-0.484302,0.681261 
1.03198,-0.325329,0.314912,0.89268,-0.0792164,0.210855,0.860184 
1.19372,-0.231936,0.347242,0.275919,-0.366327,0.219939,0.853427 
1.29779,0.350814,0.642316,-0.367007,-0.484962,0.34836,0.126898 
1.22178,0.724731,0.455794,-0.843115,0.138814,0.611636,-0.526053 
0.875245,0.945009,0.359122,-0.625795,0.608623,0.558751,-0.947207 
0.578519,0.805531,-0.161464,0.176829,0.758168,0.486102,-0.484302 
0.417636,0.034953,-0.325329,0.314912,0.89268,-0.0792164,0.210855 
0.701556,-0.627096,-0.231936,0.347242,0.275919,-0.366327,0.219939 
0.961353,-0.997959,0.350814,0.642316,-0.367007,-0.484962,0.34836 
0.933936,-0.392482,0.724731,0.455794,-0.843115,0.138814,0.611636 
1.03234,0.205955,0.945009,0.359122,-0.625795,0.608623,0.558751 
1.13946,0.153088,0.805531,-0.161464,0.176829,0.758168,0.486102 
1.16056,0.355147,0.034953,-0.325329,0.314912,0.89268,-0.0792164 
1.1162,0.606384,-0.627096,-0.231936,0.347242,0.275919,-0.366327 
0.848543,0.647184,-0.997959,0.350814,0.642316,-0.367007,-0.484962 
0.673386,0.563685,-0.392482,0.724731,0.455794,-0.843115,0.138814 
0.579828,-0.0319929,0.205955,0.945009,0.359122,-0.625795,0.608623 
0.870431,-0.421651,0.153088,0.805531,-0.161464,0.176829,0.758168 
1.09908,-0.639205,0.355147,0.034953,-0.325329,0.314912,0.89268 
1.13574,-0.00642874,0.606384,-0.627096,-0.231936,0.347242,0.275919 
1.23694,0.512742,0.647184,-0.997959,0.350814,0.642316,-0.367007 
1.04418,0.599599,0.563685,-0.392482,0.724731,0.455794,-0.843115 
0.80418,0.823716,-0.0319929,0.205955,0.945009,0.359122,-0.625795 
0.590027,0.405178,-0.421651,0.153088,0.805531,-0.161464,0.176829 
0.585339,-0.136375,-0.639205,0.355147,0.034953,-0.325329,0.314912 
0.930516,-0.613751,-0.00642874,0.606384,-0.627096,-0.231936,0.347242 
1.08713,-0.640407,0.512742,0.647184,-0.997959,0.350814,0.642316 
1.0985,0.127994,0.599599,0.563685,-0.392482,0.724731,0.455794 
1.20442,0.484468,0.823716,-0.0319929,0.205955,0.945009,0.359122 
1.00399,0.505247,0.405178,-0.421651,0.153088,0.805531,-0.161464 
0.842105,0.749487,-0.136375,-0.639205,0.355147,0.034953,-0.325329 
0.631247,0.315875,-0.613751,-0.00642874,0.606384,-0.627096,-0.231936 
0.680551,-0.0385212,-0.640407,0.512742,0.647184,-0.997959,0.350814 
0.979352,-0.508121,0.127994,0.599599,0.563685,-0.392482,0.724731 
1.13992,-0.421997,0.484468,0.823716,-0.0319929,0.205955,0.945009 
1.19353,0.233195,0.505247,0.405178,-0.421651,0.153088,0.805531 
1.2269,0.608066,0.749487,-0.136375,-0.639205,0.355147,0.034953 
0.93758,0.727718,0.315875,-0.613751,-0.00642874,0.606384,-0.627096 
0.695272,0.815596,-0.0385212,-0.640407,0.512742,0.647184,-0.997959 
0.500331,0.172252,-0.508121,0.127994,0.599599,0.563685,-0.392482 
0.681714,-0.377719,-0.421997,0.484468,0.823716,-0.0319929,0.205955 
1.00348,-0.81999,0.233195,0.505247,0.405178,-0.421651,0.153088 
1.04359,-0.442558,0.608066,0.749487,-0.136375,-0.639205,0.355147 
1.10274,0.286784,0.727718,0.315875,-0.613751,-0.00642874,0.606384 
1.14542,0.383015,0.815596,-0.0385212,-0.640407,0.512742,0.647184 
0.996364,0.500096,0.172252,-0.508121,0.127994,0.599599,0.563685 
0.875756,0.626756,-0.377719,-0.421997,0.484468,0.823716,-0.0319929 
0.675725,0.310238,-0.81999,0.233195,0.505247,0.405178,-0.421651 
0.761614,0.0638431,-0.442558,0.608066,0.749487,-0.136375,-0.639205 
0.987519,-0.397571,0.286784,0.727718,0.315875,-0.613751,-0.00642874 
1.16349,-0.254136,0.383015,0.815596,-0.0385212,-0.640407,0.512742 
1.26134,0.210557,0.500096,0.172252,-0.508121,0.127994,0.599599 
1.25272,0.641344,0.626756,-0.377719,-0.421997,0.484468,0.823716 
0.930411,0.866511,0.310238,-0.81999,0.233195,0.505247,0.405178 
0.636489,0.907543,0.0638431,-0.442558,0.608066,0.749487,-0.136375 
0.442899,0.213909,-0.397571,0.286784,0.727718,0.315875,-0.613751 
0.64543,-0.464639,-0.254136,0.383015,0.815596,-0.0385212,-0.640407 
0.962713,-0.932474,0.210557,0.500096,0.172252,-0.508121,0.127994 
0.96856,-0.596817,0.641344,0.626756,-0.377719,-0.421997,0.484468 
1.02378,0.17155,0.866511,0.310238,-0.81999,0.233195,0.505247 
1.14194,0.225091,0.907543,0.0638431,-0.442558,0.608066,0.749487 
1.11438,0.288256,0.213909,-0.397571,0.286784,0.727718,0.315875 
1.0818,0.614552,-0.464639,-0.254136,0.383015,0.815596,-0.0385212 
0.829521,0.564737,-0.932474,0.210557,0.500096,0.172252,-0.508121 
0.705652,0.550873,-0.596817,0.641344,0.626756,-0.377719,-0.421997 
0.657458,-0.00705955,0.17155,0.866511,0.310238,-0.81999,0.233195 
0.936885,-0.340311,0.225091,0.907543,0.0638431,-0.442558,0.608066 
1.14572,-0.527617,0.288256,0.213909,-0.397571,0.286784,0.727718 
1.21603,0.0182169,0.614552,-0.464639,-0.254136,0.383015,0.815596 
1.26965,0.555229,0.564737,-0.932474,0.210557,0.500096,0.172252 
0.983733,0.717335,0.550873,-0.596817,0.641344,0.626756,-0.377719 
0.691418,0.900926,-0.00705955,0.17155,0.866511,0.310238,-0.81999 
0.479103,0.396577,-0.340311,0.225091,0.907543,0.0638431,-0.442558 
0.589952,-0.260734,-0.527617,0.288256,0.213909,-0.397571,0.286784 
0.947549,-0.763775,0.0182169,0.614552,-0.464639,-0.254136,0.383015 
1.00042,-0.735281,0.555229,0.564737,-0.932474,0.210557,0.500096 
1.01823,0.0978332,0.717335,0.550873,-0.596817,0.641344,0.626756 
1.1528,0.349714,0.900926,-0.00705955,0.17155,0.866511,0.310238 
1.08156,0.329081,0.396577,-0.340311,0.225091,0.907543,0.0638431 
1.04628,0.658828,-0.260734,-0.527617,0.288256,0.213909,-0.397571 
0.80856,0.450241,-0.763775,0.0182169,0.614552,-0.464639,-0.254136 
0.720091,0.336264,-0.735281,0.555229,0.564737,-0.932474,0.210557 
0.733605,-0.147503,0.0978332,0.717335,0.550873,-0.596817,0.641344 
0.997268,-0.337749,0.349714,0.900926,-0.00705955,0.17155,0.866511 
1.17992,-0.181643,0.329081,0.396577,-0.340311,0.225091,0.907543 
1.27526,0.366571,0.658828,-0.260734,-0.527617,0.288256,0.213909 
1.2546,0.726335,0.450241,-0.763775,0.0182169,0.614552,-0.464639 
0.918342,0.957853,0.336264,-0.735281,0.555229,0.564737,-0.932474 
0.614787,0.788764,-0.147503,0.0978332,0.717335,0.550873,-0.596817 
0.42719,0.0179198,-0.337749,0.349714,0.900926,-0.00705955,0.17155 
0.647096,-0.642128,-0.181643,0.329081,0.396577,-0.340311,0.225091 
0.953217,-1,0.366571,0.658828,-0.260734,-0.527617,0.288256 
0.947451,-0.368439,0.726335,0.450241,-0.763775,0.0182169,0.614552 
1.00826,0.20946,0.957853,0.336264,-0.735281,0.555229,0.564737 
1.14083,0.148474,0.788764,-0.147503,0.0978332,0.717335,0.550873 
1.14491,0.367372,0.0179198,-0.337749,0.349714,0.900926,-0.00705955 
1.12877,0.60565,-0.642128,-0.181643,0.329081,0.396577,-0.340311 
0.86507,0.652583,-1,0.366571,0.658828,-0.260734,-0.527617 
0.695061,0.5539,-0.368439,0.726335,0.450241,-0.763775,0.0182169 
0.590779,-0.0414763,0.20946,0.957853,0.336264,-0.735281,0.555229 
0.852354,-0.431101,0.148474,0.788764,-0.147503,0.0978332,0.717335 
1.09818,-0.639215,0.367372,0.0179198,-0.337749,0.349714,0.900926 
1.15021,0.00721085,0.60565,-0.642128,-0.181643,0.329081,0.396577 
1.24579,0.515833,0.652583,-1,0.366571,0.658828,-0.260734 
1.06062,0.597374,0.5539,-0.368439,0.726335,0.450241,-0.763775 
0.797439,0.822482,-0.0414763,0.20946,0.957853,0.336264,-0.735281 
0.578716,0.393694,-0.431101,0.148474,0.788764,-0.147503,0.0978332 
0.555973,-0.140161,-0.639215,0.367372,0.0179198,-0.337749,0.349714 
0.909764,-0.616528,0.00721085,0.60565,-0.642128,-0.181643,0.329081 
1.06785,-0.626957,0.515833,0.652583,-1,0.366571,0.658828 
1.06785,0.140867,0.597374,0.5539,-0.368439,0.726335,0.450241 
1.19268,0.489239,0.822482,-0.0414763,0.20946,0.957853,0.336264 
1.03065,0.514531,0.393694,-0.431101,0.148474,0.788764,-0.147503 
0.900686,0.750137,-0.140161,-0.639215,0.367372,0.0179198,-0.337749 
0.689686,0.304302,-0.616528,0.00721085,0.60565,-0.642128,-0.181643 
0.682937,-0.0557976,-0.626957,0.515833,0.652583,-1,0.366571 
0.929384,-0.524838,0.140867,0.597374,0.5539,-0.368439,0.726335 
1.13899,-0.415164,0.489239,0.822482,-0.0414763,0.20946,0.957853 
1.21077,0.249498,0.514531,0.393694,-0.431101,0.148474,0.788764 
1.27421,0.606664,0.750137,-0.140161,-0.639215,0.367372,0.0179198 
0.995713,0.725924,0.304302,-0.616528,0.00721085,0.60565,-0.642128 
0.70901,0.800159,-0.0557976,-0.626957,0.515833,0.652583,-1 
0.48711,0.156581,-0.524838,0.140867,0.597374,0.5539,-0.368439 
0.578433,-0.382417,-0.415164,0.489239,0.822482,-0.0414763,0.20946 
0.942627,-0.816051,0.249498,0.514531,0.393694,-0.431101,0.148474 
1.00689,-0.412576,0.606664,0.750137,-0.140161,-0.639215,0.367372 
1.01747,0.30318,0.725924,0.304302,-0.616528,0.00721085,0.60565 
1.15498,0.392381,0.800159,-0.0557976,-0.626957,0.515833,0.652583 
1.07524,0.523962,0.156581,-0.524838,0.140867,0.597374,0.5539 
1.03826,0.618905,-0.382417,-0.415164,0.489239,0.822482,-0.0414763 
0.804936,0.287342,-0.816051,0.249498,0.514531,0.393694,-0.431101 
0.722974,0.0190565,-0.412576,0.606664,0.750137,-0.140161,-0.639215 
0.751092,-0.4259,0.30318,0.725924,0.304302,-0.616528,0.00721085 
1.00997,-0.234844,0.392381,0.800159,-0.0557976,-0.626957,0.515833 
1.18695,0.267665,0.523962,0.156581,-0.524838,0.140867,0.597374 
1.28597,0.65909,0.618905,-0.382417,-0.415164,0.489239,0.822482 
1.24553,0.876754,0.287342,-0.816051,0.249498,0.514531,0.393694 
0.902471,0.857578,0.0190565,-0.412576,0.606664,0.750137,-0.140161 
0.599689,0.140632,-0.4259,0.30318,0.725924,0.304302,-0.616528 
0.420568,-0.513177,-0.234844,0.392381,0.800159,-0.0557976,-0.626957 
0.664678,-0.943804,0.267665,0.523962,0.156581,-0.524838,0.140867 
0.954612,-0.493287,0.65909,0.618905,-0.382417,-0.415164,0.489239 
0.93927,0.212485,0.876754,0.287342,-0.816051,0.249498,0.514531 
1.0129,0.225493,0.857578,0.0190565,-0.412576,0.606664,0.750137 
1.14031,0.348329,0.140632,-0.4259,0.30318,0.725924,0.304302 
1.15496,0.611161,-0.513177,-0.234844,0.392381,0.800159,-0.0557976 
1.1335,0.549861,-0.943804,0.267665,0.523962,0.156581,-0.524838 
0.865847,0.477383,-0.493287,0.65909,0.618905,-0.382417,-0.415164 
0.686892,-0.0837897,0.212485,0.876754,0.287342,-0.816051,0.249498 
0.576639,-0.359328,0.225493,0.857578,0.0190565,-0.412576,0.606664 
0.843384,-0.466534,0.348329,0.140632,-0.4259,0.30318,0.725924 
1.09043,0.155034,0.611161,-0.513177,-0.234844,0.392381,0.800159 
1.13471,0.619581,0.549861,-0.943804,0.267665,0.523962,0.156581 
1.23447,0.775977,0.477383,-0.493287,0.65909,0.618905,-0.382417 
1.06652,0.895243,-0.0837897,0.212485,0.876754,0.287342,-0.816051 
0.818314,0.259244,-0.359328,0.225493,0.857578,0.0190565,-0.412576 
0.60375,-0.39099,-0.466534,0.348329,0.140632,-0.4259,0.30318 
0.566099,-0.863272,0.155034,0.611161,-0.513177,-0.234844,0.392381 
0.906095,-0.616696,0.619581,0.549861,-0.943804,0.267665,0.523962 
1.08377,0.178755,0.775977,0.477383,-0.493287,0.65909,0.618905 
1.09033,0.296362,0.895243,-0.0837897,0.212485,0.876754,0.287342 
1.2068,0.335988,0.259244,-0.359328,0.225493,0.857578,0.0190565 
1.02153,0.635316,-0.39099,-0.466534,0.348329,0.140632,-0.4259 
0.858347,0.476853,-0.863272,0.155034,0.611161,-0.513177,-0.234844 
0.647978,0.398369,-0.616696,0.619581,0.549861,-0.943804,0.267665 
0.66279,-0.130416,0.178755,0.775977,0.477383,-0.493287,0.65909 
0.955678,-0.327209,0.296362,0.895243,-0.0837897,0.212485,0.876754 
1.13706,-0.297148,0.335988,0.259244,-0.359328,0.225493,0.857578 
1.18685,0.289351,0.635316,-0.39099,-0.466534,0.348329,0.140632 
1.24262,0.695655,0.476853,-0.863272,0.155034,0.611161,-0.513177 
0.961333,0.907715,0.398369,-0.616696,0.619581,0.549861,-0.943804 
0.711899,0.861767,-0.130416,0.178755,0.775977,0.477383,-0.493287 
0.505821,0.113787,-0.327209,0.296362,0.895243,-0.0837897,0.212485 
0.646421,-0.561451,-0.297148,0.335988,0.259244,-0.359328,0.225493 
0.985858,-0.978748,0.289351,0.635316,-0.39099,-0.466534,0.348329 
1.04286,-0.489582,0.695655,0.476853,-0.863272,0.155034,0.611161 
1.08312,0.191364,0.907715,0.398369,-0.616696,0.619581,0.549861 
1.15681,0.178536,0.861767,-0.130416,0.178755,0.775977,0.477383 
1.00979,0.313806,0.113787,-0.327209,0.296362,0.895243,-0.0837897 
0.904124,0.608692,-0.561451,-0.297148,0.335988,0.259244,-0.359328 
0.691444,0.617764,-0.978748,0.289351,0.635316,-0.39099,-0.466534 
0.744529,0.581868,-0.489582,0.695655,0.476853,-0.863272,0.155034 
0.951583,-0.00471506,0.191364,0.907715,0.398369,-0.616696,0.619581 
1.15123,-0.382888,0.178536,0.861767,-0.130416,0.178755,0.775977 
1.25096,-0.614855,0.313806,0.113787,-0.327209,0.296362,0.895243 
1.28072,-0.0329996,0.608692,-0.561451,-0.297148,0.335988,0.259244 
0.976013,0.513826,0.617764,-0.978748,0.289351,0.635316,-0.39099 
0.669594,0.629553,0.581868,-0.489582,0.695655,0.476853,-0.863272 
0.45362,0.842167,-0.00471506,0.191364,0.907715,0.398369,-0.616696 
0.583978,0.430284,-0.382888,0.178536,0.861767,-0.130416,0.178755 
0.938669,-0.155153,-0.614855,0.313806,0.113787,-0.327209,0.296362 
0.97212,-0.641688,-0.0329996,0.608692,-0.561451,-0.297148,0.335988 
0.991545,-0.692279,0.513826,0.617764,-0.978748,0.289351,0.635316 
1.14402,0.0947045,0.629553,0.581868,-0.489582,0.695655,0.476853 
1.11823,0.446366,0.842167,-0.00471506,0.191364,0.907715,0.398369 
1.11597,0.446349,0.430284,-0.382888,0.178536,0.861767,-0.130416 
0.86903,0.724042,-0.155153,-0.614855,0.313806,0.113787,-0.327209 
0.718395,0.363609,-0.641688,-0.0329996,0.608692,-0.561451,-0.297148 
0.634372,0.0745113,-0.692279,0.513826,0.617764,-0.978748,0.289351 
0.870588,-0.394845,0.0947045,0.629553,0.581868,-0.489582,0.695655 
1.11552,-0.409857,0.446366,0.842167,-0.00471506,0.191364,0.907715 
1.19297,0.138348,0.446349,0.430284,-0.382888,0.178536,0.861767 
1.27503,0.604609,0.724042,-0.155153,-0.614855,0.313806,0.113787 
1.05111,0.764277,0.363609,-0.641688,-0.0329996,0.608692,-0.561451 
0.750757,0.905393,0.0745113,-0.692279,0.513826,0.617764,-0.978748 
0.522498,0.285893,-0.394845,0.0947045,0.629553,0.581868,-0.489582 
0.528578,-0.35186,-0.409857,0.446366,0.842167,-0.00471506,0.191364 
0.904796,-0.84546,0.138348,0.446349,0.430284,-0.382888,0.178536 
1.02015,-0.642318,0.604609,0.724042,-0.155153,-0.614855,0.313806 
1.00782,0.167807,0.764277,0.363609,-0.641688,-0.0329996,0.608692 
1.16028,0.310752,0.905393,0.0745113,-0.692279,0.513826,0.617764 
1.07627,0.334283,0.285893,-0.394845,0.0947045,0.629553,0.581868 
1.03283,0.640181,-0.35186,-0.409857,0.446366,0.842167,-0.00471506 
0.817541,0.462791,-0.84546,0.138348,0.446349,0.430284,-0.382888 
0.717395,0.380527,-0.642318,0.604609,0.724042,-0.155153,-0.614855 
0.765213,-0.138478,0.167807,0.764277,0.363609,-0.641688,-0.0329996 
1.00636,-0.320796,0.310752,0.905393,0.0745113,-0.692279,0.513826 
1.18294,-0.25825,0.334283,0.285893,-0.394845,0.0947045,0.629553 
1.28803,0.317595,0.640181,-0.35186,-0.409857,0.446366,0.842167 
1.25056,0.711292,0.462791,-0.84546,0.138348,0.446349,0.430284 
0.909637,0.931554,0.380527,-0.642318,0.604609,0.724042,-0.155153 
0.603736,0.841596,-0.138478,0.167807,0.764277,0.363609,-0.641688 
0.420596,0.0784822,-0.320796,0.310752,0.905393,0.0745113,-0.692279 
0.655523,-0.595035,-0.25825,0.334283,0.285893,-0.394845,0.0947045 
0.952166,-0.993479,0.317595,0.640181,-0.35186,-0.409857,0.446366 
0.939155,-0.450473,0.711292,0.462791,-0.84546,0.138348,0.446349 
1.00734,0.194467,0.931554,0.380527,-0.642318,0.604609,0.724042 
1.14026,0.160338,0.841596,-0.138478,0.167807,0.764277,0.363609 
1.15555,0.324116,0.0784822,-0.320796,0.310752,0.905393,0.0745113 
1.14006,0.607533,-0.595035,-0.25825,0.334283,0.285893,-0.394845 
0.872407,0.640126,-0.993479,0.317595,0.640181,-0.35186,-0.409857 
0.689721,0.592397,-0.450473,0.711292,0.462791,-0.84546,0.138348 
0.57305,-0.00298672,0.194467,0.931554,0.380527,-0.642318,0.604609 
0.831552,-0.40106,0.160338,0.841596,-0.138478,0.167807,0.764277 
1.08522,-0.646309,0.324116,0.0784822,-0.320796,0.310752,0.905393 
1.13091,-0.0529524,0.607533,-0.595035,-0.25825,0.334283,0.285893 
1.23004,0.496594,0.640126,-0.993479,0.317595,0.640181,-0.35186 
1.07567,0.595088,0.592397,-0.450473,0.711292,0.462791,-0.84546 
0.82836,0.816992,-0.00298672,0.194467,0.931554,0.380527,-0.642318 
0.615033,0.443397,-0.40106,0.160338,0.841596,-0.138478,0.167807 
0.562895,-0.108719,-0.646309,0.324116,0.0784822,-0.320796,0.310752 
0.89597,-0.586004,-0.0529524,0.607533,-0.595035,-0.25825,0.334283 
1.08572,-0.669754,0.496594,0.640126,-0.993479,0.317595,0.640181 
1.0933,0.086543,0.595088,0.592397,-0.450473,0.711292,0.462791 
1.21032,0.481769,0.816992,-0.00298672,0.194467,0.931554,0.380527 
1.02661,0.496372,0.443397,-0.40106,0.160338,0.841596,-0.138478 
0.854661,0.755442,-0.108719,-0.646309,0.324116,0.0784822,-0.320796 
0.644853,0.343328,-0.586004,-0.0529524,0.607533,-0.595035,-0.25825 
0.651376,-0.019668,-0.669754,0.496594,0.640126,-0.993479,0.317595 
0.95039,-0.487621,0.086543,0.595088,0.592397,-0.450473,0.711292 
1.1327,-0.454673,0.481769,0.816992,-0.00298672,0.194467,0.931554 
1.17713,0.196837,0.496372,0.443397,-0.40106,0.160338,0.841596 
1.24066,0.600312,0.755442,-0.108719,-0.646309,0.324116,0.0784822 
0.966869,0.711064,0.343328,-0.586004,-0.0529524,0.607533,-0.595035 
0.72402,0.835128,-0.019668,-0.669754,0.496594,0.640126,-0.993479 
0.516575,0.209417,-0.487621,0.086543,0.595088,0.592397,-0.450473 
0.646109,-0.345432,-0.454673,0.481769,0.816992,-0.00298672,0.194467 
0.98716,-0.803838,0.196837,0.496372,0.443397,-0.40106,0.160338 
1.05368,-0.491083,0.600312,0.755442,-0.108719,-0.646309,0.324116 
1.09208,0.263971,0.711064,0.343328,-0.586004,-0.0529524,0.607533 
1.16114,0.390763,0.835128,-0.019668,-0.669754,0.496594,0.640126 
0.996946,0.480333,0.209417,-0.487621,0.086543,0.595088,0.592397 
0.879137,0.644247,-0.345432,-0.454673,0.481769,0.816992,-0.00298672 
0.670961,0.3172,-0.803838,0.196837,0.496372,0.443397,-0.40106 
0.746463,0.08216,-0.491083,0.600312,0.755442,-0.108719,-0.646309 
0.982116,-0.390934,0.263971,0.711064,0.343328,-0.586004,-0.0529524 
1.15969,-0.272848,0.390763,0.835128,-0.019668,-0.669754,0.496594 
1.25065,0.187729,0.480333,0.209417,-0.487621,0.086543,0.595088 
1.25286,0.631823,0.644247,-0.345432,-0.454673,0.481769,0.816992 
0.935749,0.853674,0.3172,-0.803838,0.196837,0.496372,0.443397 
0.64708,0.919878,0.08216,-0.491083,0.600312,0.755442,-0.108719 
0.450588,0.242071,-0.390934,0.263971,0.711064,0.343328,-0.586004 
0.643269,-0.439538,-0.272848,0.390763,0.835128,-0.019668,-0.669754 
0.965851,-0.919956,0.187729,0.480333,0.209417,-0.487621,0.086543 
0.978258,-0.629984,0.631823,0.644247,-0.345432,-0.454673,0.481769 
1.02991,0.159001,0.853674,0.3172,-0.803838,0.196837,0.496372 
1.14308,0.233411,0.919878,0.08216,-0.491083,0.600312,0.755442 
1.10052,0.276622,0.242071,-0.390934,0.263971,0.711064,0.343328 
1.06094,0.615798,-0.439538,-0.272848,0.390763,0.835128,-0.019668 
0.813799,0.558425,-0.919956,0.187729,0.480333,0.209417,-0.487621 
0.711224,0.553398,-0.629984,0.631823,0.644247,-0.345432,-0.454673 
0.691565,0.00409418,0.159001,0.853674,0.3172,-0.803838,0.196837 
0.972597,-0.330982,0.233411,0.919878,0.08216,-0.491083,0.600312 
1.16552,-0.517887,0.276622,0.242071,-0.390934,0.263971,0.711064 
1.24527,0.00755946,0.615798,-0.439538,-0.272848,0.390763,0.835128 
1.26191,0.552396,0.558425,-0.919956,0.187729,0.480333,0.209417 
0.944822,0.724684,0.553398,-0.629984,0.631823,0.644247,-0.345432 
0.648017,0.907223,0.00409418,0.159001,0.853674,0.3172,-0.803838 
0.449072,0.409128,-0.330982,0.233411,0.919878,0.08216,-0.491083 
0.624852,-0.258995,-0.517887,0.276622,0.242071,-0.390934,0.263971 
0.955642,-0.766742,0.00755946,0.615798,-0.439538,-0.272848,0.390763 
0.972887,-0.753218,0.552396,0.558425,-0.919956,0.187729,0.480333 
1.01478,0.0836546,0.724684,0.553398,-0.629984,0.631823,0.644247 
1.14438,0.340249,0.907223,0.00409418,0.159001,0.853674,0.3172 
1.11209,0.312832,0.409128,-0.330982,0.233411,0.919878,0.08216 
1.08778,0.651957,-0.258995,-0.517887,0.276622,0.242071,-0.390934 
0.836394,0.465086,-0.766742,0.00755946,0.615798,-0.439538,-0.272848 
0.709356,0.368452,-0.753218,0.552396,0.558425,-0.919956,0.187729 
0.656842,-0.11044,0.0836546,0.724684,0.553398,-0.629984,0.631823 
0.926955,-0.333208,0.340249,0.907223,0.00409418,0.159001,0.853674 
1.14185,-0.226839,0.312832,0.409128,-0.330982,0.233411,0.919878 
1.21558,0.309568,0.651957,-0.258995,-0.517887,0.276622,0.242071 
1.27444,0.702375,0.465086,-0.766742,0.00755946,0.615798,-0.439538 
0.995264,0.936132,0.368452,-0.753218,0.552396,0.558425,-0.919956 
0.698587,0.852786,-0.11044,0.0836546,0.724684,0.553398,-0.629984 
0.482257,0.0944215,-0.333208,0.340249,0.907223,0.00409418,0.159001 
0.575519,-0.586034,-0.226839,0.312832,0.409128,-0.330982,0.233411 
0.939539,-0.993417,0.309568,0.651957,-0.258995,-0.517887,0.276622 
1.00007,-0.470836,0.702375,0.465086,-0.766742,0.00755946,0.615798 
1.01059,0.189026,0.936132,0.368452,-0.753218,0.552396,0.558425 
1.15313,0.160083,0.852786,-0.11044,0.0836546,0.724684,0.553398 
1.08527,0.311756,0.0944215,-0.333208,0.340249,0.907223,0.00409418 
1.05626,0.607426,-0.586034,-0.226839,0.312832,0.409128,-0.330982 
0.820243,0.641433,-0.993417,0.309568,0.651957,-0.258995,-0.517887 
0.7207,0.606976,-0.470836,0.702375,0.465086,-0.766742,0.00755946 
0.722008,0.0116068,0.189026,0.936132,0.368452,-0.753218,0.552396 
0.979071,-0.394766,0.160083,0.852786,-0.11044,0.0836546,0.724684 
1.17133,-0.654293,0.311756,0.0944215,-0.333208,0.340249,0.907223 
1.26681,-0.0792728,0.607426,-0.586034,-0.226839,0.312832,0.409128 
1.26857,0.485004,0.641433,-0.993417,0.309568,0.651957,-0.258995 
0.941203,0.586628,0.606976,-0.470836,0.702375,0.465086,-0.766742 
0.633024,0.807139,0.0116068,0.189026,0.936132,0.368452,-0.753218 
0.434037,0.463755,-0.394766,0.160083,0.852786,-0.11044,0.0836546 
0.618777,-0.0863721,-0.654293,0.311756,0.0944215,-0.333208,0.340249 
0.946228,-0.560904,-0.0792728,0.607426,-0.586034,-0.226839,0.312832 
0.953653,-0.676881,0.485004,0.641433,-0.993417,0.309568,0.651957 
0.996189,0.0640201,0.586628,0.606976,-0.470836,0.702375,0.465086 
1.14144,0.486102,0.807139,0.0116068,0.189026,0.936132,0.368452 
1.13899,0.502978,0.463755,-0.394766,0.160083,0.852786,-0.11044 
1.13493,0.763276,-0.0863721,-0.654293,0.311756,0.0944215,-0.333208 
0.875538,0.354619,-0.560904,-0.0792728,0.607426,-0.586034,-0.226839 
0.704895,-0.0278679,-0.676881,0.485004,0.641433,-0.993417,0.309568 
0.595755,-0.494571,0.0640201,0.586628,0.606976,-0.470836,0.702375 
0.839384,-0.480061,0.486102,0.807139,0.0116068,0.189026,0.936132 
1.09463,0.185075,0.502978,0.463755,-0.394766,0.160083,0.852786 
1.15493,0.590607,0.763276,-0.0863721,-0.654293,0.311756,0.0944215 
1.24786,0.689443,0.354619,-0.560904,-0.0792728,0.607426,-0.586034 
1.07274,0.830764,-0.0278679,-0.676881,0.485004,0.641433,-0.993417 
0.800079,0.221731,-0.494571,0.0640201,0.586628,0.606976,-0.470836 
0.578799,-0.31847,-0.480061,0.486102,0.807139,0.0116068,0.189026 
0.541425,-0.779917,0.185075,0.502978,0.463755,-0.394766,0.160083 
0.895849,-0.491779,0.590607,0.763276,-0.0863721,-0.654293,0.311756 
1.06059,0.266867,0.689443,0.354619,-0.560904,-0.0792728,0.607426 
1.05584,0.41483,0.830764,-0.0278679,-0.676881,0.485004,0.641433 
1.18758,0.500249,0.221731,-0.494571,0.0640201,0.586628,0.606976 
1.04348,0.653882,-0.31847,-0.480061,0.486102,0.807139,0.0116068 
0.924393,0.288635,-0.779917,0.185075,0.502978,0.463755,-0.394766 
0.716128,0.0265774,-0.491779,0.590607,0.763276,-0.0863721,-0.654293 
0.682189,-0.436495,0.266867,0.689443,0.354619,-0.560904,-0.0792728 
0.901022,-0.268546,0.41483,0.830764,-0.0278679,-0.676881,0.485004 
1.12754,0.255647,0.500249,0.221731,-0.494571,0.0640201,0.586628 
1.211,0.650645,0.653882,-0.31847,-0.480061,0.486102,0.807139 
1.28925,0.852974,0.288635,-0.779917,0.185075,0.502978,0.463755 
1.03607,0.857901,0.0265774,-0.491779,0.590607,0.763276,-0.0863721 
0.732143,0.152506,-0.436495,0.266867,0.689443,0.354619,-0.560904 
0.496032,-0.489617,-0.268546,0.41483,0.830764,-0.0278679,-0.676881 
0.528598,-0.926701,0.255647,0.500249,0.221731,-0.494571,0.0640201 
0.908399,-0.498094,0.650645,0.653882,-0.31847,-0.480061,0.486102 
0.999674,0.219467,0.852974,0.288635,-0.779917,0.185075,0.502978 
0.987619,0.247065,0.857901,0.0265774,-0.491779,0.590607,0.763276 
1.14958,0.361965,0.152506,-0.436495,0.266867,0.689443,0.354619 
1.09555,0.613701,-0.489617,-0.268546,0.41483,0.830764,-0.0278679 
1.08372,0.519026,-0.926701,0.255647,0.500249,0.221731,-0.494571 
0.863062,0.430983,-0.498094,0.650645,0.653882,-0.31847,-0.480061 
0.728646,-0.118763,0.219467,0.852974,0.288635,-0.779917,0.185075 
0.695704,-0.346933,0.247065,0.857901,0.0265774,-0.491779,0.590607 
0.914663,-0.390663,0.361965,0.152506,-0.436495,0.266867,0.689443 
1.14161,0.234473,0.613701,-0.489617,-0.268546,0.41483,0.830764 
1.24235,0.663613,0.519026,-0.926701,0.255647,0.500249,0.221731 
1.29797,0.841015,0.430983,-0.498094,0.650645,0.653882,-0.31847 
1.01585,0.878033,-0.118763,0.219467,0.852974,0.288635,-0.779917 
0.693066,0.172688,-0.346933,0.247065,0.857901,0.0265774,-0.491779 
0.465402,-0.487534,-0.390663,0.361965,0.152506,-0.436495,0.266867 
0.534295,-0.930072,0.234473,0.613701,-0.489617,-0.268546,0.41483 
0.911765,-0.539062,0.663613,0.519026,-0.926701,0.255647,0.500249 
0.972147,0.196757,0.841015,0.430983,-0.498094,0.650645,0.653882 
0.965879,0.235117,0.878033,-0.118763,0.219467,0.852974,0.288635 
1.13957,0.328316,0.172688,-0.346933,0.247065,0.857901,0.0265774 
1.12543,0.616594,-0.487534,-0.390663,0.361965,0.152506,-0.436495 
1.14388,0.544758,-0.930072,0.234473,0.613701,-0.489617,-0.268546 
0.913068,0.49069,-0.539062,0.663613,0.519026,-0.926701,0.255647 
0.732393,-0.0685017,0.196757,0.841015,0.430983,-0.498094,0.650645 
0.617985,-0.351089,0.235117,0.878033,-0.118763,0.219467,0.852974 
0.795915,-0.467902,0.328316,0.172688,-0.346933,0.247065,0.857901 
1.07775,0.132946,0.616594,-0.487534,-0.390663,0.361965,0.152506 
1.16778,0.610961,0.544758,-0.930072,0.234473,0.613701,-0.489617 
1.2503,0.77497,0.49069,-0.539062,0.663613,0.519026,-0.926701 
1.11517,0.90591,-0.0685017,0.196757,0.841015,0.430983,-0.498094 
0.816421,0.284894,-0.351089,0.235117,0.878033,-0.118763,0.219467 
0.58442,-0.375045,-0.467902,0.328316,0.172688,-0.346933,0.247065 
0.50055,-0.856256,0.132946,0.616594,-0.487534,-0.390663,0.361965 
0.846509,-0.648801,0.610961,0.544758,-0.930072,0.234473,0.613701 
1.03858,0.160936,0.77497,0.49069,-0.539062,0.663613,0.519026 
1.02349,0.29558,0.90591,-0.0685017,0.196757,0.841015,0.430983 
1.1635,0.318975,0.284894,-0.351089,0.235117,0.878033,-0.118763 
1.08033,0.636049,-0.375045,-0.467902,0.328316,0.172688,-0.346933 
0.990508,0.485102,-0.856256,0.132946,0.616594,-0.487534,-0.390663 
0.80395,0.420575,-0.648801,0.610961,0.544758,-0.930072,0.234473 
0.690935,-0.104428,0.160936,0.77497,0.49069,-0.539062,0.663613 
0.812581,-0.325855,0.29558,0.90591,-0.0685017,0.196757,0.841015 
1.05108,-0.322945,0.318975,0.284894,-0.351089,0.235117,0.878033 
1.19282,0.248874,0.636049,-0.375045,-0.467902,0.328316,0.172688 
1.29643,0.676537,0.485102,-0.856256,0.132946,0.616594,-0.487534 
1.19037,0.888924,0.420575,-0.648801,0.610961,0.544758,-0.930072 
0.850067,0.892836,-0.104428,0.160936,0.77497,0.49069,-0.539062 
0.566094,0.164639,-0.325855,0.29558,0.90591,-0.0685017,0.196757 
0.427898,-0.520885,-0.322945,0.318975,0.284894,-0.351089,0.235117 
0.74509,-0.963517,0.248874,0.636049,-0.375045,-0.467902,0.328316 
0.975468,-0.552576,0.676537,0.485102,-0.856256,0.132946,0.616594 
0.943045,0.175816,0.888924,0.420575,-0.648801,0.610961,0.544758 
1.06573,0.192333,0.892836,-0.104428,0.160936,0.77497,0.49069 
1.13448,0.28695,0.164639,-0.325855,0.29558,0.90591,-0.0685017 
1.14487,0.610041,-0.520885,-0.322945,0.318975,0.284894,-0.351089 
1.06049,0.604613,-0.963517,0.248874,0.636049,-0.375045,-0.467902 
0.809469,0.595562,-0.552576,0.676537,0.485102,-0.856256,0.132946 
0.668972,0.0185717,0.175816,0.888924,0.420575,-0.648801,0.610961 
0.637518,-0.361012,0.192333,0.892836,-0.104428,0.160936,0.77497 
0.952038,-0.603787,0.28695,0.164639,-0.325855,0.29558,0.90591 
1.13832,-0.0618504,0.610041,-0.520885,-0.322945,0.318975,0.284894 
1.18579,0.505931,0.604613,-0.963517,0.248874,0.636049,-0.375045 
1.24294,0.64006,0.595562,-0.552576,0.676537,0.485102,-0.856256 
0.966405,0.846782,0.0185717,0.175816,0.888924,0.420575,-0.648801 
0.709435,0.457241,-0.361012,0.192333,0.892836,-0.104428,0.160936 
0.506062,-0.149281,-0.603787,0.28695,0.164639,-0.325855,0.29558 
0.638145,-0.641505,-0.0618504,0.610041,-0.520885,-0.322945,0.318975 
0.980507,-0.724639,0.505931,0.604613,-0.963517,0.248874,0.636049 
1.04003,0.0637517,0.64006,0.595562,-0.552576,0.676537,0.485102 
1.07684,0.430196,0.846782,0.0185717,0.175816,0.888924,0.420575 
1.15861,0.41964,0.457241,-0.361012,0.192333,0.892836,-0.104428 
1.01713,0.712693,-0.149281,-0.603787,0.28695,0.164639,-0.325855 
0.916524,0.392144,-0.641505,-0.0618504,0.610041,-0.520885,-0.322945 
0.700153,0.127245,-0.724639,0.505931,0.604613,-0.963517,0.248874 
0.738265,-0.336026,0.0637517,0.64006,0.595562,-0.552576,0.676537 
0.933141,-0.411521,0.430196,0.846782,0.0185717,0.175816,0.888924 
1.14363,0.0752584,0.41964,0.457241,-0.361012,0.192333,0.892836 
1.24631,0.579127,0.712693,-0.149281,-0.603787,0.28695,0.164639 
1.29218,0.764777,0.392144,-0.641505,-0.0618504,0.610041,-0.520885 
1.00042,0.938844,0.127245,-0.724639,0.505931,0.604613,-0.963517 
0.687066,0.375658,-0.336026,0.0637517,0.64006,0.595562,-0.552576 
0.460914,-0.3004,-0.411521,0.430196,0.846782,0.0185717,0.175816 
0.553609,-0.825613,0.0752584,0.41964,0.457241,-0.361012,0.192333 
0.923332,-0.753174,0.579127,0.712693,-0.149281,-0.603787,0.28695 
0.973241,0.0916691,0.764777,0.392144,-0.641505,-0.0618504,0.610041 
0.976449,0.294704,0.938844,0.127245,-0.724639,0.505931,0.604613 
1.14229,0.267889,0.375658,-0.336026,0.0637517,0.64006,0.595562 
1.1211,0.628161,-0.3004,-0.411521,0.430196,0.846782,0.0185717 
1.13126,0.507962,-0.825613,0.0752584,0.41964,0.457241,-0.361012 
0.893127,0.481656,-0.753174,0.579127,0.712693,-0.149281,-0.603787 
0.726691,-0.0091809,0.0916691,0.764777,0.392144,-0.641505,-0.0618504 
0.626342,-0.308181,0.294704,0.938844,0.127245,-0.724639,0.505931 
0.830892,-0.381456,0.267889,0.375658,-0.336026,0.0637517,0.64006 
1.09622,0.105602,0.628161,-0.3004,-0.411521,0.430196,0.846782 
1.18085,0.610426,0.507962,-0.825613,0.0752584,0.41964,0.457241 
1.26613,0.83451,0.481656,-0.753174,0.579127,0.712693,-0.149281 
1.08712,0.958234,-0.0091809,0.0916691,0.764777,0.392144,-0.641505 
0.784843,0.330686,-0.308181,0.294704,0.938844,0.127245,-0.724639 
0.552412,-0.387325,-0.381456,0.267889,0.375658,-0.336026,0.0637517 
0.5072,-0.893749,0.105602,0.628161,-0.3004,-0.411521,0.430196 
0.874331,-0.7405,0.610426,0.507962,-0.825613,0.0752584,0.41964 
1.02932,0.0991566,0.83451,0.481656,-0.753174,0.579127,0.712693 
1.01107,0.233471,0.958234,-0.0091809,0.0916691,0.764777,0.392144 
1.16127,0.219529,0.330686,-0.308181,0.294704,0.938844,0.127245 
1.07814,0.605886,-0.387325,-0.381456,0.267889,0.375658,-0.336026 
1.01693,0.57445,-0.893749,0.105602,0.628161,-0.3004,-0.411521 
0.818187,0.615469,-0.7405,0.610426,0.507962,-0.825613,0.0752584 
0.708252,0.102054,0.0991566,0.83451,0.481656,-0.753174,0.579127 
0.785555,-0.299844,0.233471,0.958234,-0.0091809,0.0916691,0.764777 
1.02024,-0.554337,0.219529,0.330686,-0.308181,0.294704,0.938844 
1.18619,-0.158545,0.605886,-0.387325,-0.381456,0.267889,0.375658 
1.29278,0.468377,0.57445,-0.893749,0.105602,0.628161,-0.3004 
1.23456,0.668653,0.615469,-0.7405,0.610426,0.507962,-0.825613 
0.891966,0.852197,0.102054,0.0991566,0.83451,0.481656,-0.753174 
0.591651,0.551616,-0.299844,0.233471,0.958234,-0.0091809,0.0916691 
0.419933,-0.112931,-0.554337,0.219529,0.330686,-0.308181,0.294704 
0.681333,-0.629001,-0.158545,0.605886,-0.387325,-0.381456,0.267889 
0.959023,-0.815563,0.468377,0.57445,-0.893749,0.105602,0.628161 
0.938405,-0.0460007,0.668653,0.615469,-0.7405,0.610426,0.507962 
1.02298,0.381257,0.852197,0.102054,0.0991566,0.83451,0.481656 
1.13975,0.347684,0.551616,-0.299844,0.233471,0.958234,-0.0091809 
1.15499,0.659131,-0.112931,-0.554337,0.219529,0.330686,-0.308181 
1.12217,0.474108,-0.629001,-0.158545,0.605886,-0.387325,-0.381456 
0.855215,0.274313,-0.815563,0.468377,0.57445,-0.893749,0.105602 
0.681716,-0.140672,-0.0460007,0.668653,0.615469,-0.7405,0.610426 
0.582531,-0.392066,0.381257,0.852197,0.102054,0.0991566,0.83451 
0.862492,-0.121472,0.347684,0.551616,-0.299844,0.233471,0.958234 
1.09844,0.409055,0.659131,-0.112931,-0.554337,0.219529,0.330686 
1.14029,0.724347,0.474108,-0.629001,-0.158545,0.605886,-0.387325 
1.23974,0.954826,0.274313,-0.815563,0.468377,0.57445,-0.893749 
1.05097,0.718896,-0.140672,-0.0460007,0.668653,0.615469,-0.7405 
0.802679,-0.0380876,-0.392066,0.381257,0.852197,0.102054,0.0991566 
0.587192,-0.669767,-0.121472,0.347684,0.551616,-0.299844,0.233471 
0.574232,-0.977173,0.409055,0.659131,-0.112931,-0.554337,0.219529 
0.922257,-0.271602,0.724347,0.474108,-0.629001,-0.158545,0.605886 
1.08071,0.24086,0.954826,0.274313,-0.815563,0.468377,0.57445 
1.08783,0.168736,0.718896,-0.140672,-0.0460007,0.668653,0.615469 
1.20113,0.441631,-0.0380876,-0.392066,0.381257,0.852197,0.102054 
1.01377,0.594559,-0.669767,-0.121472,0.347684,0.551616,-0.299844 
0.862004,0.617678,-0.977173,0.409055,0.659131,-0.112931,-0.554337 
0.650638,0.42999,-0.271602,0.724347,0.474108,-0.629001,-0.158545 
0.679624,-0.128396,0.24086,0.954826,0.274313,-0.815563,0.468377 
0.964154,-0.44092,0.168736,0.718896,-0.140672,-0.0460007,0.668653 
1.14272,-0.510887,0.441631,-0.0380876,-0.392066,0.381257,0.852197 
1.20014,0.188739,0.594559,-0.669767,-0.121472,0.347684,0.551616 
1.24359,0.603117,0.617678,-0.977173,0.409055,0.659131,-0.112931 
0.952557,0.708702,0.42999,-0.271602,0.724347,0.474108,-0.629001 
0.695488,0.835823,-0.128396,0.24086,0.954826,0.274313,-0.815563 
0.492281,0.220699,-0.44092,0.168736,0.718896,-0.140672,-0.0460007 
0.649751,-0.350913,-0.510887,0.441631,-0.0380876,-0.392066,0.381257 
0.984755,-0.803302,0.188739,0.594559,-0.669767,-0.121472,0.347684 
1.02902,-0.509493,0.603117,0.617678,-0.977173,0.409055,0.659131 
1.07353,0.252067,0.708702,0.42999,-0.271602,0.724347,0.474108 
1.1515,0.384462,0.835823,-0.128396,0.24086,0.954826,0.274313 
1.02657,0.466364,0.220699,-0.44092,0.168736,0.718896,-0.140672 
0.934506,0.64824,-0.350913,-0.510887,0.441631,-0.0380876,-0.392066 
0.716096,0.333544,-0.803302,0.188739,0.594559,-0.669767,-0.121472 
0.740664,0.109743,-0.509493,0.603117,0.617678,-0.977173,0.409055 
0.906725,-0.37156,0.252067,0.708702,0.42999,-0.271602,0.724347 
1.13237,-0.286784,0.384462,0.835823,-0.128396,0.24086,0.954826 
1.24573,0.146705,0.466364,0.220699,-0.44092,0.168736,0.718896 
1.30803,0.614929,0.64824,-0.350913,-0.510887,0.441631,-0.0380876 
1.03685,0.843334,0.333544,-0.803302,0.188739,0.594559,-0.669767 
0.709223,0.945363,0.109743,-0.509493,0.603117,0.617678,-0.977173 
0.469225,0.296358,-0.37156,0.252067,0.708702,0.42999,-0.271602 
0.509717,-0.400673,-0.286784,0.384462,0.835823,-0.128396,0.24086 
0.895308,-0.903732,0.146705,0.466364,0.220699,-0.44092,0.168736 
0.96897,-0.697539,0.614929,0.64824,-0.350913,-0.510887,0.441631 
0.951449,0.124886,0.843334,0.333544,-0.803302,0.188739,0.594559 
1.13276,0.235905,0.945363,0.109743,-0.509493,0.603117,0.617678 
1.13134,0.24304,0.296358,-0.37156,0.252067,0.708702,0.42999 
1.16157,0.611947,-0.400673,-0.286784,0.384462,0.835823,-0.128396 
0.944903,0.564816,-0.903732,0.146705,0.466364,0.220699,-0.44092 
0.744351,0.587405,-0.697539,0.614929,0.64824,-0.350913,-0.510887 
0.60879,0.0576965,0.124886,0.843334,0.333544,-0.803302,0.188739 
0.742012,-0.312528,0.235905,0.945363,0.109743,-0.509493,0.603117 
1.04754,-0.535749,0.24304,0.296358,-0.37156,0.252067,0.708702 
1.14897,-0.0807412,0.611947,-0.400673,-0.286784,0.384462,0.835823 
1.21893,0.509455,0.564816,-0.903732,0.146705,0.466364,0.220699 
1.15277,0.697717,0.587405,-0.697539,0.614929,0.64824,-0.350913 
0.863739,0.887408,0.0576965,0.124886,0.843334,0.333544,-0.803302 
0.637653,0.489226,-0.312528,0.235905,0.945363,0.109743,-0.509493 
0.504825,-0.183173,-0.535749,0.24304,0.296358,-0.37156,0.252067 
0.79976,-0.700201,-0.0807412,0.611947,-0.400673,-0.286784,0.384462 
1.04638,-0.800771,0.509455,0.564816,-0.903732,0.146705,0.466364 
1.04862,0.0158872,0.697717,0.587405,-0.697539,0.614929,0.64824 
1.16507,0.360642,0.887408,0.0576965,0.124886,0.843334,0.333544 
1.09379,0.320048,0.489226,-0.312528,0.235905,0.945363,0.109743 
0.952424,0.654155,-0.183173,-0.535749,0.24304,0.296358,-0.37156 
0.777769,0.469252,-0.700201,-0.0807412,0.611947,-0.400673,-0.286784 
0.653373,0.333087,-0.800771,0.509455,0.564816,-0.903732,0.146705 
0.834127,-0.109001,0.0158872,0.697717,0.587405,-0.697539,0.614929 
1.08422,-0.353544,0.360642,0.887408,0.0576965,0.124886,0.843334 
1.1877,-0.181589,0.320048,0.489226,-0.312528,0.235905,0.945363 
1.28608,0.340452,0.654155,-0.183173,-0.535749,0.24304,0.296358 
1.12776,0.709589,0.469252,-0.700201,-0.0807412,0.611947,-0.400673 
0.807051,0.94669,0.333087,-0.800771,0.509455,0.564816,-0.903732 
0.54934,0.817193,-0.109001,0.0158872,0.697717,0.587405,-0.697539 
0.464094,0.0551151,-0.353544,0.360642,0.887408,0.0576965,0.124886 
0.82408,-0.612915,-0.181589,0.320048,0.489226,-0.312528,0.235905 
1.00295,-0.994891,0.340452,0.654155,-0.183173,-0.535749,0.24304 
0.971827,-0.413426,0.709589,0.469252,-0.700201,-0.0807412,0.611947 
1.12489,0.204279,0.94669,0.333087,-0.800771,0.509455,0.564816 
1.11085,0.158414,0.817193,-0.109001,0.0158872,0.697717,0.587405 
1.09276,0.346537,0.0551151,-0.353544,0.360642,0.887408,0.0576965 
0.933457,0.606289,-0.612915,-0.181589,0.320048,0.489226,-0.312528 
0.745631,0.640195,-0.994891,0.340452,0.654155,-0.183173,-0.535749 
0.698156,0.567194,-0.413426,0.709589,0.469252,-0.700201,-0.0807412 
0.829116,-0.0266365,0.204279,0.94669,0.333087,-0.800771,0.509455 
1.09753,-0.412573,0.158414,0.817193,-0.109001,0.0158872,0.697717 
1.22252,-0.633202,0.346537,0.0551151,-0.353544,0.360642,0.887408 
1.30419,-0.0104496,0.606289,-0.612915,-0.181589,0.320048,0.489226 
1.11079,0.514396,0.640195,-0.994891,0.340452,0.654155,-0.183173 
0.769548,0.607493,0.567194,-0.413426,0.709589,0.469252,-0.700201 
0.51381,0.828722,-0.0266365,0.204279,0.94669,0.333087,-0.800771 
0.456561,0.408802,-0.412573,0.158414,0.817193,-0.109001,0.0158872 
0.838036,-0.143498,-0.633202,0.346537,0.0551151,-0.353544,0.360642 
0.980596,-0.622835,-0.0104496,0.606289,-0.612915,-0.181589,0.320048 
0.943438,-0.651664,0.514396,0.640195,-0.994891,0.340452,0.654155 
1.11395,0.122494,0.607493,0.567194,-0.413426,0.709589,0.469252 
1.1273,0.474956,0.828722,-0.0266365,0.204279,0.94669,0.333087 
1.1505,0.490799,0.408802,-0.412573,0.158414,0.817193,-0.109001 
0.988021,0.742836,-0.143498,-0.633202,0.346537,0.0551151,-0.353544 
0.768465,0.326062,-0.622835,-0.0104496,0.606289,-0.612915,-0.181589 
0.640597,-0.011534,-0.651664,0.514396,0.640195,-0.994891,0.340452 
0.704042,-0.481704,0.122494,0.607493,0.567194,-0.413426,0.709589 
1.0214,-0.417226,0.474956,0.828722,-0.0266365,0.204279,0.94669 
1.15716,0.215692,0.490799,0.408802,-0.412573,0.158414,0.817193 
1.21671,0.612909,0.742836,-0.143498,-0.633202,0.346537,0.0551151 
1.19227,0.740633,0.326062,-0.622835,-0.0104496,0.606289,-0.612915 
0.888919,0.837269,-0.011534,-0.651664,0.514396,0.640195,-0.994891 
0.646102,0.189895,-0.481704,0.122494,0.607493,0.567194,-0.413426 
0.484234,-0.381937,-0.417226,0.474956,0.828722,-0.0266365,0.204279 
0.742377,-0.833957,0.215692,0.490799,0.408802,-0.412573,0.158414 
1.01943,-0.483677,0.612909,0.742836,-0.143498,-0.633202,0.346537 
1.02638,0.261516,0.740633,0.326062,-0.622835,-0.0104496,0.606289 
1.1223,0.359979,0.837269,-0.011534,-0.651664,0.514396,0.640195 
1.12185,0.458992,0.189895,-0.481704,0.122494,0.607493,0.567194 
1.00479,0.632422,-0.381937,-0.417226,0.474956,0.828722,-0.0266365 
0.869169,0.354528,-0.833957,0.215692,0.490799,0.408802,-0.412573 
0.687616,0.149741,-0.483677,0.612909,0.742836,-0.143498,-0.633202 
0.772727,-0.336096,0.261516,0.740633,0.326062,-0.622835,-0.0104496 
0.986804,-0.281447,0.359979,0.837269,-0.011534,-0.651664,0.514396 
1.16621,0.0879457,0.458992,0.189895,-0.481704,0.122494,0.607493 
1.27186,0.589868,0.632422,-0.381937,-0.417226,0.474956,0.828722 
1.25999,0.842027,0.354528,-0.833957,0.215692,0.490799,0.408802 
0.933741,0.980613,0.149741,-0.483677,0.612909,0.742836,-0.143498 
0.630707,0.37739,-0.336096,0.261516,0.740633,0.326062,-0.622835 
0.435121,-0.351386,-0.281447,0.359979,0.837269,-0.011534,-0.651664 
0.634003,-0.885244,0.0879457,0.458992,0.189895,-0.481704,0.122494 
0.953871,-0.795173,0.589868,0.632422,-0.381937,-0.417226,0.474956 
0.957255,0.062548,0.842027,0.354528,-0.833957,0.215692,0.490799 
1.00838,0.226405,0.980613,0.149741,-0.483677,0.612909,0.742836 
1.14148,0.18743,0.37739,-0.336096,0.261516,0.740633,0.326062 
1.132,0.590739,-0.351386,-0.281447,0.359979,0.837269,-0.011534 
1.11565,0.587585,-0.885244,0.0879457,0.458992,0.189895,-0.481704 
0.857303,0.654823,-0.795173,0.589868,0.632422,-0.381937,-0.417226 
0.702576,0.17287,0.062548,0.842027,0.354528,-0.833957,0.215692 
0.613851,-0.273245,0.226405,0.980613,0.149741,-0.483677,0.612909 
0.876451,-0.574791,0.18743,0.37739,-0.336096,0.261516,0.740633 
1.11354,-0.278449,0.590739,-0.351386,-0.281447,0.359979,0.837269 
1.17439,0.401187,0.587585,-0.885244,0.0879457,0.458992,0.189895 
1.26175,0.626798,0.654823,-0.795173,0.589868,0.632422,-0.381937 
1.04165,0.782433,0.17287,0.062548,0.842027,0.354528,-0.833957 
0.76141,0.635261,-0.273245,0.226405,0.980613,0.149741,-0.483677 
0.539479,-0.00767554,-0.574791,0.18743,0.37739,-0.336096,0.261516 
0.552634,-0.510588,-0.278449,0.590739,-0.351386,-0.281447,0.359979 
0.920792,-0.806055,0.401187,0.587585,-0.885244,0.0879457,0.458992 
1.04239,-0.149991,0.626798,0.654823,-0.795173,0.589868,0.632422 
1.03916,0.3986,0.782433,0.17287,0.062548,0.842027,0.354528 
1.17418,0.40359,0.635261,-0.273245,0.226405,0.980613,0.149741 
1.04757,0.662605,-0.00767554,-0.574791,0.18743,0.37739,-0.336096 
0.965282,0.504065,-0.510588,-0.278449,0.590739,-0.351386,-0.281447 
0.748246,0.189599,-0.806055,0.401187,0.587585,-0.885244,0.0879457 
0.707651,-0.198909,-0.149991,0.626798,0.654823,-0.795173,0.589868 
0.860764,-0.47562,0.3986,0.782433,0.17287,0.062548,0.842027 
1.10159,-0.0735452,0.40359,0.635261,-0.273245,0.226405,0.980613 
1.21803,0.482762,0.662605,-0.00767554,-0.574791,0.18743,0.37739 
1.30874,0.712945,0.504065,-0.510588,-0.278449,0.590739,-0.351386 
1.10501,0.931794,0.189599,-0.806055,0.401187,0.587585,-0.885244 
0.771445,0.579631,-0.198909,-0.149991,0.626798,0.654823,-0.795173 
0.510732,-0.133773,-0.47562,0.3986,0.782433,0.17287,0.062548 
0.459597,-0.707035,-0.0735452,0.40359,0.635261,-0.273245,0.226405 
0.841387,-0.896657,0.482762,0.662605,-0.00767554,-0.574791,0.18743 
0.980584,-0.0958939,0.712945,0.504065,-0.510588,-0.278449,0.590739 
0.943856,0.301993,0.931794,0.189599,-0.806055,0.401187,0.587585 
1.11552,0.232759,0.579631,-0.198909,-0.149991,0.626798,0.654823 
1.12652,0.573244,-0.133773,-0.47562,0.3986,0.782433,0.17287 
1.15054,0.542006,-0.707035,-0.0735452,0.40359,0.635261,-0.273245 
0.984803,0.501764,-0.896657,0.482762,0.662605,-0.00767554,-0.574791 
0.767534,0.147409,-0.0958939,0.712945,0.504065,-0.510588,-0.278449 
0.639981,-0.270398,0.301993,0.931794,0.189599,-0.806055,0.401187 
0.707904,-0.376002,0.232759,0.579631,-0.198909,-0.149991,0.626798 
1.02426,-0.0846917,0.573244,-0.133773,-0.47562,0.3986,0.782433 
1.15828,0.512382,0.542006,-0.707035,-0.0735452,0.40359,0.635261 
1.2188,0.790411,0.501764,-0.896657,0.482762,0.662605,-0.00767554 
1.18953,0.972085,0.147409,-0.0958939,0.712945,0.504065,-0.510588 
0.885193,0.541868,-0.270398,0.301993,0.931794,0.189599,-0.806055 
0.64254,-0.217196,-0.376002,0.232759,0.579631,-0.198909,-0.149991 
0.483365,-0.786067,-0.0846917,0.573244,-0.133773,-0.47562,0.3986 
0.747007,-0.913414,0.512382,0.542006,-0.707035,-0.0735452,0.40359 
1.02023,-0.064849,0.790411,0.501764,-0.896657,0.482762,0.662605 
1.02506,0.252265,0.972085,0.147409,-0.0958939,0.712945,0.504065 
1.12373,0.169611,0.541868,-0.270398,0.301993,0.931794,0.189599 
1.12015,0.548909,-0.217196,-0.376002,0.232759,0.579631,-0.198909 
1.00575,0.57859,-0.786067,-0.0846917,0.573244,-0.133773,-0.47562 
0.868675,0.630216,-0.913414,0.512382,0.542006,-0.707035,-0.0735452 
0.688766,0.268783,-0.064849,0.790411,0.501764,-0.896657,0.482762 
0.773143,-0.219606,0.252265,0.972085,0.147409,-0.0958939,0.712945 
0.986462,-0.504039,0.169611,0.541868,-0.270398,0.301993,0.931794 
1.16637,-0.362909,0.548909,-0.217196,-0.376002,0.232759,0.579631 
1.2725,0.34303,0.57859,-0.786067,-0.0846917,0.573244,-0.133773 
1.2608,0.645031,0.630216,-0.913414,0.512382,0.542006,-0.707035 
0.934324,0.777485,0.268783,-0.064849,0.790411,0.501764,-0.896657 
0.63055,0.72312,-0.219606,0.252265,0.972085,0.147409,-0.0958939 
0.434622,0.0483368,-0.504039,0.169611,0.541868,-0.270398,0.301993 
0.632677,-0.491793,-0.362909,0.548909,-0.217196,-0.376002,0.232759 
0.953066,-0.851857,0.34303,0.57859,-0.786067,-0.0846917,0.573244 
0.95647,-0.277636,0.645031,0.630216,-0.913414,0.512382,0.542006 
1.00698,0.33865,0.777485,0.268783,-0.064849,0.790411,0.501764 
1.14143,0.354113,0.72312,-0.219606,0.252265,0.972085,0.147409 
1.13325,0.567477,0.0483368,-0.504039,0.169611,0.541868,-0.270398 
1.11833,0.56647,-0.491793,-0.362909,0.548909,-0.217196,-0.376002 
0.859647,0.306092,-0.851857,0.34303,0.57859,-0.786067,-0.0846917 
0.702593,0.00440324,-0.277636,0.645031,0.630216,-0.913414,0.512382 
0.610868,-0.399448,0.33865,0.777485,0.268783,-0.064849,0.790411 
0.87146,-0.210124,0.354113,0.72312,-0.219606,0.252265,0.972085 
1.11093,0.266074,0.567477,0.0483368,-0.504039,0.169611,0.541868 
1.17133,0.665154,0.56647,-0.491793,-0.362909,0.548909,-0.217196 
1.26009,0.900159,0.306092,-0.851857,0.34303,0.57859,-0.786067 
1.04599,0.873757,0.00440324,-0.277636,0.645031,0.630216,-0.913414 
0.766975,0.14804,-0.399448,0.33865,0.777485,0.268783,-0.064849 
0.544924,-0.526038,-0.210124,0.354113,0.72312,-0.219606,0.252265 
0.550828,-0.961107,0.266074,0.567477,0.0483368,-0.504039,0.169611 
0.917876,-0.518706,0.665154,0.56647,-0.491793,-0.362909,0.548909 
1.04545,0.192818,0.900159,0.306092,-0.851857,0.34303,0.57859 
1.0416,0.200345,0.873757,0.00440324,-0.277636,0.645031,0.630216 
1.1762,0.314066,0.14804,-0.399448,0.33865,0.777485,0.268783 
1.04601,0.610136,-0.526038,-0.210124,0.354113,0.72312,-0.219606 
0.958563,0.589061,-0.961107,0.266074,0.567477,0.0483368,-0.504039 
0.742918,0.552681,-0.518706,0.665154,0.56647,-0.491793,-0.362909 
0.704787,-0.0219911,0.192818,0.900159,0.306092,-0.851857,0.34303 
0.869043,-0.366172,0.200345,0.873757,0.00440324,-0.277636,0.645031 
1.10743,-0.563534,0.314066,0.14804,-0.399448,0.33865,0.777485 
1.21851,0.0206022,0.610136,-0.526038,-0.210124,0.354113,0.72312 
1.30671,0.547992,0.589061,-0.961107,0.266074,0.567477,0.0483368 
1.09167,0.683351,0.552681,-0.518706,0.665154,0.56647,-0.491793 
0.762263,0.877669,-0.0219911,0.192818,0.900159,0.306092,-0.851857 
0.505996,0.388083,-0.366172,0.200345,0.873757,0.00440324,-0.277636 
0.470048,-0.235299,-0.563534,0.314066,0.14804,-0.399448,0.33865 
0.854593,-0.728968,0.0206022,0.610136,-0.526038,-0.210124,0.354113 
0.982926,-0.699707,0.547992,0.589061,-0.961107,0.266074,0.567477 
0.949237,0.119235,0.683351,0.552681,-0.518706,0.665154,0.56647 
1.12302,0.389717,0.877669,-0.0219911,0.192818,0.900159,0.306092 
1.12307,0.382536,0.388083,-0.366172,0.200345,0.873757,0.00440324 
1.14364,0.682886,-0.235299,-0.563534,0.314066,0.14804,-0.399448 
0.965177,0.401253,-0.728968,0.0206022,0.610136,-0.526038,-0.210124 
0.759067,0.218202,-0.699707,0.547992,0.589061,-0.961107,0.266074 
0.642291,-0.26458,0.119235,0.683351,0.552681,-0.518706,0.665154 
0.737398,-0.354882,0.389717,0.877669,-0.0219911,0.192818,0.900159 
1.0442,-0.0142921,0.382536,0.388083,-0.366172,0.200345,0.873757 
1.16894,0.521398,0.682886,-0.235299,-0.563534,0.314066,0.14804 
1.23772,0.780421,0.401253,-0.728968,0.0206022,0.610136,-0.526038 
1.17026,0.982195,0.218202,-0.699707,0.547992,0.589061,-0.961107 
0.857767,0.529017,-0.26458,0.119235,0.683351,0.552681,-0.518706 
0.612835,-0.212977,-0.354882,0.389717,0.877669,-0.0219911,0.192818 
0.475082,-0.792916,-0.0142921,0.382536,0.388083,-0.366172,0.200345 
0.776508,-0.906661,0.521398,0.682886,-0.235299,-0.563534,0.314066 
1.01999,-0.0573942,0.780421,0.401253,-0.728968,0.0206022,0.610136 
1.00982,0.252239,0.982195,0.218202,-0.699707,0.547992,0.589061 
1.12777,0.170541,0.529017,-0.26458,0.119235,0.683351,0.552681 
1.11155,0.552393,-0.212977,-0.354882,0.389717,0.877669,-0.0219911 
1.0256,0.576862,-0.792916,-0.0142921,0.382536,0.388083,-0.366172 
0.881562,0.630301,-0.906661,0.521398,0.682886,-0.235299,-0.563534 
0.706007,0.261623,-0.0573942,0.780421,0.401253,-0.728968,0.0206022 
0.761718,-0.221677,0.252239,0.982195,0.218202,-0.699707,0.547992 
0.956139,-0.505409,0.170541,0.529017,-0.26458,0.119235,0.683351 
1.15695,-0.354318,0.552393,-0.212977,-0.354882,0.389717,0.877669 
1.26913,0.349404,0.576862,-0.792916,-0.0142921,0.382536,0.388083 
1.28878,0.647506,0.630301,-0.906661,0.521398,0.682886,-0.235299 
0.973847,0.782128,0.261623,-0.0573942,0.780421,0.401253,-0.728968 
0.654933,0.717021,-0.221677,0.252239,0.982195,0.218202,-0.699707 
0.439531,0.0400492,-0.505409,0.170541,0.529017,-0.26458,0.119235 
0.576489,-0.499716,-0.354318,0.552393,-0.212977,-0.354882,0.389717 
0.929991,-0.853791,0.349404,0.576862,-0.792916,-0.0142921,0.382536 
0.954362,-0.267338,0.647506,0.630301,-0.906661,0.521398,0.682886 
0.97297,0.340429,0.782128,0.261623,-0.0573942,0.780421,0.401253 
1.13913,0.351181,0.717021,-0.221677,0.252239,0.982195,0.218202 
1.14161,0.570665,0.0400492,-0.505409,0.170541,0.529017,-0.26458 
1.15909,0.562687,-0.499716,-0.354318,0.552393,-0.212977,-0.354882 
0.908502,0.308218,-0.853791,0.349404,0.576862,-0.792916,-0.0142921 
0.718958,0.00330479,-0.267338,0.647506,0.630301,-0.906661,0.521398 
0.585644,-0.39689,0.340429,0.782128,0.261623,-0.0573942,0.780421 
0.783019,-0.2092,0.351181,0.717021,-0.221677,0.252239,0.982195 
1.06753,0.265315,0.570665,0.0400492,-0.505409,0.170541,0.529017 
1.13908,0.665512,0.562687,-0.499716,-0.354318,0.552393,-0.212977 
1.22373,0.901596,0.308218,-0.853791,0.349404,0.576862,-0.792916 
1.11584,0.875557,0.00330479,-0.267338,0.647506,0.630301,-0.906661 
0.84615,0.149337,-0.39689,0.340429,0.782128,0.261623,-0.0573942 
0.629299,-0.526388,-0.2092,0.351181,0.717021,-0.221677,0.252239 
0.530243,-0.962215,0.265315,0.570665,0.0400492,-0.505409,0.170541 
0.847718,-0.521657,0.665512,0.562687,-0.499716,-0.354318,0.552393 
1.06798,0.191028,0.901596,0.308218,-0.853791,0.349404,0.576862 
1.07078,0.198599,0.875557,0.00330479,-0.267338,0.647506,0.630301 
1.19426,0.310963,0.149337,-0.39689,0.340429,0.782128,0.261623 
1.06281,0.610026,-0.526388,-0.2092,0.351181,0.717021,-0.221677 
0.902779,0.591824,-0.962215,0.265315,0.570665,0.0400492,-0.505409 
0.704646,0.558652,-0.521657,0.665512,0.562687,-0.499716,-0.354318 
0.64125,-0.0167767,0.191028,0.901596,0.308218,-0.853791,0.349404 
0.894451,-0.366134,0.198599,0.875557,0.00330479,-0.267338,0.647506 
1.1237,-0.570168,0.310963,0.149337,-0.39689,0.340429,0.782128 
1.18382,0.00949957,0.610026,-0.526388,-0.2092,0.351181,0.717021 
1.27219,0.54218,0.591824,-0.962215,0.265315,0.570665,0.0400492 
1.03021,0.676545,0.558652,-0.521657,0.665512,0.562687,-0.499716 
0.749289,0.873972,-0.0167767,0.191028,0.901596,0.308218,-0.853791 
0.520548,0.397738,-0.366134,0.198599,0.875557,0.00330479,-0.267338 
0.553009,-0.222919,-0.570168,0.310963,0.149337,-0.39689,0.340429 
0.92451,-0.716858,0.00949957,0.610026,-0.526388,-0.2092,0.351181 
1.02902,-0.703724,0.54218,0.591824,-0.962215,0.265315,0.570665 
1.02542,0.112749,0.676545,0.558652,-0.521657,0.665512,0.562687 
1.16584,0.396518,0.873972,-0.0167767,0.191028,0.901596,0.308218 
1.0585,0.387971,0.397738,-0.366134,0.198599,0.875557,0.00330479 
0.999372,0.687382,-0.222919,-0.570168,0.310963,0.149337,-0.39689 
0.778454,0.397781,-0.716858,0.00949957,0.610026,-0.526388,-0.2092 
0.717278,0.203254,-0.703724,0.54218,0.591824,-0.962215,0.265315 
0.814735,-0.276432,0.112749,0.676545,0.558652,-0.521657,0.665512 
1.06358,-0.361252,0.396518,0.873972,-0.0167767,0.191028,0.901596 
1.20814,0.00412352,0.387971,0.397738,-0.366134,0.198599,0.875557 
1.30874,0.534405,0.687382,-0.222919,-0.570168,0.310963,0.149337 
1.17745,0.781497,0.397781,-0.716858,0.00949957,0.610026,-0.526388 
0.829303,0.977674,0.203254,-0.703724,0.54218,0.591824,-0.962215 
0.545684,0.499334,-0.276432,0.112749,0.676545,0.558652,-0.521657 
0.42252,-0.2334,-0.361252,0.396518,0.873972,-0.0167767,0.191028 
0.761553,-0.80345,0.00412352,0.387971,0.397738,-0.366134,0.198599 
0.96902,-0.883415,0.534405,0.687382,-0.222919,-0.570168,0.310963 
0.929464,-0.0280189,0.781497,0.397781,-0.716858,0.00949957,0.610026 
1.06639,0.257449,0.977674,0.203254,-0.703724,0.54218,0.591824 
1.13731,0.182511,0.499334,-0.276432,0.112749,0.676545,0.558652 
1.16679,0.569074,-0.2334,-0.361252,0.396518,0.873972,-0.0167767 
1.07695,0.569195,-0.80345,0.00412352,0.387971,0.397738,-0.366134 
0.818231,0.614942,-0.883415,0.534405,0.687382,-0.222919,-0.570168 
0.651901,0.217967,-0.0280189,0.781497,0.397781,-0.716858,0.00949957 
0.600822,-0.240511,0.257449,0.977674,0.203254,-0.703724,0.54218 
0.921225,-0.500271,0.182511,0.499334,-0.276432,0.112749,0.676545 
1.11474,-0.288711,0.569074,-0.2334,-0.361252,0.396518,0.873972 
1.14675,0.393746,0.569195,-0.80345,0.00412352,0.387971,0.397738 
1.23528,0.671231,0.614942,-0.883415,0.534405,0.687382,-0.222919 
0.999935,0.824225,0.217967,-0.0280189,0.781497,0.397781,-0.716858 
0.768903,0.67417,-0.240511,0.257449,0.977674,0.203254,-0.703724 
0.558575,-0.0209581,-0.500271,0.182511,0.499334,-0.276432,0.112749 
0.627258,-0.565793,-0.288711,0.569074,-0.2334,-0.361252,0.396518 
0.973183,-0.872216,0.393746,0.569195,-0.80345,0.00412352,0.387971 
1.08401,-0.201715,0.671231,0.614942,-0.883415,0.534405,0.687382 
1.11088,0.339889,0.824225,0.217967,-0.0280189,0.781497,0.397781 
1.18575,0.317268,0.67417,-0.240511,0.257449,0.977674,0.203254 
0.977571,0.579653,-0.0209581,-0.500271,0.182511,0.499334,-0.276432 
0.823945,0.543574,-0.565793,-0.288711,0.569074,-0.2334,-0.361252 
0.619413,0.352377,-0.872216,0.393746,0.569195,-0.80345,0.00412352 
0.724109,0.0319704,-0.201715,0.671231,0.614942,-0.883415,0.534405 
1.01581,-0.358539,0.339889,0.824225,0.217967,-0.0280189,0.781497 
1.14912,-0.234613,0.317268,0.67417,-0.240511,0.257449,0.977674 
1.21882,0.197863,0.579653,-0.0209581,-0.500271,0.182511,0.499334 
1.20072,0.644554,0.543574,-0.565793,-0.288711,0.569074,-0.2334 
0.898599,0.89409,0.352377,-0.872216,0.393746,0.569195,-0.80345 
0.654566,0.9378,0.0319704,-0.201715,0.671231,0.614942,-0.883415 
0.483914,0.237253,-0.358539,0.339889,0.824225,0.217967,-0.0280189 
0.731351,-0.472149,-0.234613,0.317268,0.67417,-0.240511,0.257449 
1.01762,-0.951296,0.197863,0.579653,-0.0209581,-0.500271,0.182511 
1.02775,-0.646644,0.644554,0.543574,-0.565793,-0.288711,0.569074 
1.11762,0.139697,0.89409,0.352377,-0.872216,0.393746,0.569195 
1.12489,0.193911,0.9378,0.0319704,-0.201715,0.671231,0.614942 
1.00415,0.235302,0.237253,-0.358539,0.339889,0.824225,0.217967 
0.873647,0.604919,-0.472149,-0.234613,0.317268,0.67417,-0.240511 
0.688124,0.610422,-0.951296,0.197863,0.579653,-0.0209581,-0.500271 
0.772285,0.649323,-0.646644,0.644554,0.543574,-0.565793,-0.288711 
0.984238,0.0918986,0.139697,0.89409,0.352377,-0.872216,0.393746 
1.16551,-0.329729,0.193911,0.9378,0.0319704,-0.201715,0.671231 
1.27109,-0.626278,0.235302,0.237253,-0.358539,0.339889,0.824225 
1.26192,-0.187231,0.604919,-0.472149,-0.234613,0.317268,0.67417 
0.936515,0.445644,0.610422,-0.951296,0.197863,0.579653,-0.0209581 
0.632842,0.604795,0.649323,-0.646644,0.644554,0.543574,-0.565793 
0.435789,0.793104,0.0918986,0.139697,0.89409,0.352377,-0.872216 
0.630218,0.553114,-0.329729,0.193911,0.9378,0.0319704,-0.201715 
0.952698,-0.0467994,-0.626278,0.235302,0.237253,-0.358539,0.339889 
0.957702,-0.52917,-0.187231,0.604919,-0.472149,-0.234613,0.317268 
1.00646,-0.749513,0.445644,0.610422,-0.951296,0.197863,0.579653 
1.1416,-0.0433128,0.604795,0.649323,-0.646644,0.644554,0.543574 
1.1318,0.446639,0.793104,0.0918986,0.139697,0.89409,0.352377 
1.11737,0.452875,0.553114,-0.329729,0.193911,0.9378,0.0319704 
0.859337,0.72755,-0.0467994,-0.626278,0.235302,0.237253,-0.358539 
0.703643,0.435139,-0.52917,-0.187231,0.604919,-0.472149,-0.234613 
0.613262,0.0791665,-0.749513,0.445644,0.610422,-0.951296,0.197863 
0.873186,-0.361567,-0.0433128,0.604795,0.649323,-0.646644,0.644554 
1.11219,-0.502587,0.446639,0.793104,0.0918986,0.139697,0.89409 
1.17377,0.0606412,0.452875,0.553114,-0.329729,0.193911,0.9378 
1.2616,0.57059,0.72755,-0.0467994,-0.626278,0.235302,0.237253 
1.04471,0.704325,0.435139,-0.52917,-0.187231,0.604919,-0.472149 
0.763863,0.900905,0.0791665,-0.749513,0.445644,0.610422,-0.951296 
0.541492,0.362618,-0.361567,-0.0433128,0.604795,0.649323,-0.646644 
0.550067,-0.262261,-0.502587,0.446639,0.793104,0.0918986,0.139697 
0.918169,-0.77108,0.0606412,0.452875,0.553114,-0.329729,0.193911 
1.04275,-0.698872,0.57059,0.72755,-0.0467994,-0.626278,0.235302 
1.03857,0.127506,0.704325,0.435139,-0.52917,-0.187231,0.604919 
1.1745,0.359975,0.900905,0.0791665,-0.749513,0.445644,0.610422 
1.04844,0.351969,0.362618,-0.361567,-0.0433128,0.604795,0.649323 
0.965665,0.664335,-0.262261,-0.502587,0.446639,0.793104,0.0918986 
0.749416,0.425565,-0.77108,0.0606412,0.452875,0.553114,-0.329729 
0.70654,0.294031,-0.698872,0.57059,0.72755,-0.0467994,-0.626278 
0.859785,-0.197385,0.127506,0.704325,0.435139,-0.52917,-0.187231 
1.10073,-0.333466,0.359975,0.900905,0.0791665,-0.749513,0.445644 
1.21721,-0.116682,0.351969,0.362618,-0.361567,-0.0433128,0.604795 
1.30842,0.436864,0.664335,-0.262261,-0.502587,0.446639,0.793104 
1.10663,0.758429,0.425565,-0.77108,0.0606412,0.452875,0.553114 
0.773065,0.982197,0.294031,-0.698872,0.57059,0.72755,-0.0467994 
0.511957,0.690164,-0.197385,0.127506,0.704325,0.435139,-0.52917 
0.458818,-0.0842747,-0.333466,0.359975,0.900905,0.0791665,-0.749513 
0.839918,-0.715166,-0.116682,0.351969,0.362618,-0.361567,-0.0433128 
0.980904,-0.989136,0.436864,0.664335,-0.262261,-0.502587,0.446639 
0.944027,-0.234981,0.758429,0.425565,-0.77108,0.0606412,0.452875 
1.11505,0.226516,0.982197,0.294031,-0.698872,0.57059,0.72755 
1.12639,0.138527,0.690164,-0.197385,0.127506,0.704325,0.435139 
1.14985,0.443112,-0.0842747,-0.333466,0.359975,0.900905,0.0791665 
0.985372,0.600857,-0.715166,-0.116682,0.351969,0.362618,-0.361567 
0.767888,0.666445,-0.989136,0.436864,0.664335,-0.262261,-0.502587 
0.641012,0.466589,-0.234981,0.758429,0.425565,-0.77108,0.0606412 
0.707982,-0.108904,0.226516,0.982197,0.294031,-0.698872,0.57059 
1.0242,-0.478895,0.138527,0.690164,-0.197385,0.127506,0.704325 
1.15884,-0.592517,0.443112,-0.0842747,-0.333466,0.359975,0.900905 
1.21949,0.120199,0.600857,-0.715166,-0.116682,0.351969,0.362618 
1.19002,0.550651,0.666445,-0.989136,0.436864,0.664335,-0.262261 
0.885033,0.621871,0.466589,-0.234981,0.758429,0.425565,-0.77108 
0.641706,0.818783,-0.108904,0.226516,0.982197,0.294031,-0.698872 
0.482473,0.295284,-0.478895,0.138527,0.690164,-0.197385,0.127506 
0.746338,-0.218631,-0.592517,0.443112,-0.0842747,-0.333466,0.359975 
1.01946,-0.686491,0.120199,0.600857,-0.715166,-0.116682,0.351969 
1.02388,-0.533711,0.550651,0.666445,-0.989136,0.436864,0.664335 
1.12251,0.235776,0.621871,0.466589,-0.234981,0.758429,0.425565 
1.12049,0.482307,0.818783,-0.108904,0.226516,0.982197,0.294031 
1.00789,0.542084,0.295284,-0.478895,0.138527,0.690164,-0.197385 
0.871957,0.708628,-0.218631,-0.592517,0.443112,-0.0842747,-0.333466 
0.690719,0.245537,-0.686491,0.120199,0.600857,-0.715166,-0.116682 
0.771286,-0.0961937,-0.533711,0.550651,0.666445,-0.989136,0.436864 
0.981711,-0.55116,0.235776,0.621871,0.466589,-0.234981,0.758429 
1.16484,-0.318271,0.482307,0.818783,-0.108904,0.226516,0.982197 
1.27161,0.330594,0.542084,0.295284,-0.478895,0.138527,0.690164 
1.26532,0.62713,0.708628,-0.218631,-0.592517,0.443112,-0.0842747 
0.940448,0.782174,0.245537,-0.686491,0.120199,0.600857,-0.715166 
0.634621,0.741919,-0.0961937,-0.533711,0.550651,0.666445,-0.989136 
0.43542,0.06987,-0.55116,0.235776,0.621871,0.466589,-0.234981 
0.623976,-0.472965,-0.318271,0.482307,0.818783,-0.108904,0.226516 
0.949964,-0.85257,0.330594,0.542084,0.295284,-0.478895,0.138527 
0.956543,-0.302162,0.62713,0.708628,-0.218631,-0.592517,0.443112 
1.00189,0.334619,0.782174,0.245537,-0.686491,0.120199,0.600857 
1.14154,0.357157,0.741919,-0.0961937,-0.533711,0.550651,0.666445 
1.13407,0.557069,0.06987,-0.55116,0.235776,0.621871,0.466589 
1.12425,0.573229,-0.472965,-0.318271,0.482307,0.818783,-0.108904 
0.866013,0.30466,-0.85257,0.330594,0.542084,0.295284,-0.478895 
0.70479,0.0143647,-0.302162,0.62713,0.708628,-0.218631,-0.592517 
0.607006,-0.398318,0.334619,0.782174,0.245537,-0.686491,0.120199 
0.860038,-0.211108,0.357157,0.741919,-0.0961937,-0.533711,0.550651 
1.10564,0.260368,0.557069,0.06987,-0.55116,0.235776,0.621871 
1.16718,0.663602,0.573229,-0.472965,-0.318271,0.482307,0.818783 
1.2576,0.89846,0.30466,-0.85257,0.330594,0.542084,0.295284 
1.05611,0.878044,0.0143647,-0.302162,0.62713,0.708628,-0.218631 
0.777238,0.154209,-0.398318,0.334619,0.782174,0.245537,-0.686491 
0.554516,-0.521289,-0.211108,0.357157,0.741919,-0.0961937,-0.533711 
0.5447,-0.959621,0.260368,0.557069,0.06987,-0.55116,0.235776 
0.909533,-0.527125,0.663602,0.573229,-0.472965,-0.318271,0.482307 
1.049,0.19021,0.89846,0.30466,-0.85257,0.330594,0.542084 
1.04327,0.201339,0.878044,0.0143647,-0.302162,0.62713,0.708628 
1.17875,0.309801,0.154209,-0.398318,0.334619,0.782174,0.245537 
1.04665,0.610411,-0.521289,-0.211108,0.357157,0.741919,-0.0961937 
0.952539,0.588618,-0.959621,0.260368,0.557069,0.06987,-0.55116 
0.73977,0.556507,-0.527125,0.663602,0.573229,-0.472965,-0.318271 
0.699107,-0.0174663,0.19021,0.89846,0.30466,-0.85257,0.330594 
0.874572,-0.363797,0.201339,0.878044,0.0143647,-0.302162,0.62713 
1.11117,-0.564844,0.309801,0.154209,-0.398318,0.334619,0.782174 
1.21681,0.0133384,0.610411,-0.521289,-0.211108,0.357157,0.741919 
1.30371,0.544998,0.588618,-0.959621,0.260368,0.557069,0.06987 
1.08209,0.681965,0.556507,-0.527125,0.663602,0.573229,-0.472965 
0.757104,0.877344,-0.0174663,0.19021,0.89846,0.30466,-0.85257 
0.504415,0.394886,-0.363797,0.201339,0.878044,0.0143647,-0.302162 
0.479233,-0.229842,-0.564844,0.309801,0.154209,-0.398318,0.334619 
0.864345,-0.724491,0.0133384,0.610411,-0.521289,-0.211108,0.357157 
0.986241,-0.705417,0.544998,0.588618,-0.959621,0.260368,0.557069 
0.955556,0.1134,0.681965,0.556507,-0.527125,0.663602,0.573229 
1.12913,0.390533,0.877344,-0.0174663,0.19021,0.89846,0.30466 
1.11872,0.38123,0.394886,-0.363797,0.201339,0.878044,0.0143647 
1.13395,0.683583,-0.229842,-0.564844,0.309801,0.154209,-0.398318 
0.946243,0.403189,-0.724491,0.0133384,0.610411,-0.521289,-0.211108 
0.751855,0.219053,-0.705417,0.544998,0.588618,-0.959621,0.260368 
0.648867,-0.261977,0.1134,0.681965,0.556507,-0.527125,0.663602 
0.769479,-0.357353,0.390533,0.877344,-0.0174663,0.19021,0.89846 
1.06407,-0.0164702,0.38123,0.394886,-0.363797,0.201339,0.878044 
1.18195,0.519502,0.683583,-0.229842,-0.564844,0.309801,0.154209 
1.2581,0.778608,0.403189,-0.724491,0.0133384,0.610411,-0.521289 
1.14794,0.981493,0.219053,-0.705417,0.544998,0.588618,-0.959621 
0.827954,0.532619,-0.261977,0.1134,0.681965,0.556507,-0.527125 
0.580849,-0.209374,-0.357353,0.390533,0.877344,-0.0174663,0.19021 
0.469683,-0.790189,-0.0164702,0.38123,0.394886,-0.363797,0.201339 
0.805407,-0.908393,0.519502,0.683583,-0.229842,-0.564844,0.309801 
1.0147,-0.060664,0.778608,0.403189,-0.724491,0.0133384,0.610411 
0.992676,0.252951,0.981493,0.219053,-0.705417,0.544998,0.588618 
1.12972,0.17092,0.532619,-0.261977,0.1134,0.681965,0.556507 
1.10745,0.551348,-0.209374,-0.357353,0.390533,0.877344,-0.0174663 
1.05357,0.576567,-0.790189,-0.0164702,0.38123,0.394886,-0.363797 
0.899894,0.628762,-0.908393,0.519502,0.683583,-0.229842,-0.564844 
0.724146,0.262889,-0.060664,0.778608,0.403189,-0.724491,0.0133384 
0.737109,-0.220888,0.252951,0.981493,0.219053,-0.705417,0.544998 
0.908422,-0.503115,0.17092,0.532619,-0.261977,0.1134,0.681965 
1.13724,-0.354146,0.551348,-0.209374,-0.357353,0.390533,0.877344 
1.25506,0.349254,0.576567,-0.790189,-0.0164702,0.38123,0.394886 
1.3118,0.648758,0.628762,-0.908393,0.519502,0.683583,-0.229842 
1.03092,0.78367,0.262889,-0.060664,0.778608,0.403189,-0.724491 
0.697152,0.718121,-0.220888,0.252951,0.981493,0.219053,-0.705417 
0.460145,0.0396921,-0.503115,0.17092,0.532619,-0.261977,0.1134 
0.510933,-0.501572,-0.354146,0.551348,-0.209374,-0.357353,0.390533 
0.896021,-0.855776,0.349254,0.576567,-0.790189,-0.0164702,0.38123 
0.960639,-0.268825,0.648758,0.628762,-0.908393,0.519502,0.683583 
0.94455,0.338718,0.78367,0.262889,-0.060664,0.778608,0.403189 
1.12998,0.348539,0.718121,-0.220888,0.252951,0.981493,0.219053 
1.14007,0.567953,0.0396921,-0.503115,0.17092,0.532619,-0.261977 
1.1784,0.563445,-0.501572,-0.354146,0.551348,-0.209374,-0.357353 
0.959422,0.312978,-0.855776,0.349254,0.576567,-0.790189,-0.0164702 
0.745926,0.0106067,-0.268825,0.648758,0.628762,-0.908393,0.519502 
0.591792,-0.392545,0.338718,0.78367,0.262889,-0.060664,0.778608 
0.708331,-0.213331,0.348539,0.718121,-0.220888,0.252951,0.981493 
1.02691,0.254745,0.567953,0.0396921,-0.503115,0.17092,0.532619 
1.12801,0.662095,0.563445,-0.501572,-0.354146,0.551348,-0.209374 
1.18749,0.899598,0.312978,-0.855776,0.349254,0.576567,-0.790189 
1.16684,0.885613,0.0106067,-0.268825,0.648758,0.628762,-0.908393 
0.899247,0.162959,-0.392545,0.338718,0.78367,0.262889,-0.060664 
0.689166,-0.517332,-0.213331,0.348539,0.718121,-0.220888,0.252951 
0.530474,-0.960441,0.254745,0.567953,0.0396921,-0.503115,0.17092 
0.775341,-0.541011,0.662095,0.563445,-0.501572,-0.354146,0.551348 
1.05491,0.184128,0.899598,0.312978,-0.855776,0.349254,0.576567 
1.08473,0.198762,0.885613,0.0106067,-0.268825,0.648758,0.628762 
1.18181,0.299644,0.162959,-0.392545,0.338718,0.78367,0.262889 
1.10715,0.610269,-0.517332,-0.213331,0.348539,0.718121,-0.220888 
0.906097,0.593659,-0.960441,0.254745,0.567953,0.0396921,-0.503115 
0.72017,0.57181,-0.541011,0.662095,0.563445,-0.501572,-0.354146 
0.599226,-0.002617,0.184128,0.899598,0.312978,-0.855776,0.349254 
0.846315,-0.361246,0.198762,0.885613,0.0106067,-0.268825,0.648758 
1.10073,-0.578761,0.299644,0.162959,-0.392545,0.338718,0.78367 
1.15395,-0.015908,0.610269,-0.517332,-0.213331,0.348539,0.718121 
1.25481,0.530425,0.593659,-0.960441,0.254745,0.567953,0.0396921 
1.07074,0.66731,0.57181,-0.541011,0.662095,0.563445,-0.501572 
0.799554,0.868442,-0.002617,0.184128,0.899598,0.312978,-0.855776 
0.572112,0.420242,-0.361246,0.198762,0.885613,0.0106067,-0.268825 
0.537294,-0.200091,-0.578761,0.299644,0.162959,-0.392545,0.338718 
0.895113,-0.695519,-0.015908,0.610269,-0.517332,-0.213331,0.348539 
1.05598,-0.717355,0.530425,0.593659,-0.960441,0.254745,0.567953 
1.04825,0.0941902,0.66731,0.57181,-0.541011,0.662095,0.563445 
1.18331,0.404422,0.868442,-0.002617,0.184128,0.899598,0.312978 
1.0467,0.391683,0.420242,-0.361246,0.198762,0.885613,0.0106067 
0.938921,0.693051,-0.200091,-0.578761,0.299644,0.162959,-0.392545 
0.731098,0.399206,-0.695519,-0.015908,0.610269,-0.517332,-0.213331 
0.688811,0.189855,-0.717355,0.530425,0.593659,-0.960441,0.254745 
0.887242,-0.283436,0.0941902,0.66731,0.57181,-0.541011,0.662095 
1.11964,-0.373887,0.404422,0.868442,-0.002617,0.184128,0.899598 
1.21376,0.0164222,0.391683,0.420242,-0.361246,0.198762,0.885613 
1.29693,0.542729,0.693051,-0.200091,-0.578761,0.299644,0.162959 
1.05989,0.777698,0.399206,-0.695519,-0.015908,0.610269,-0.517332 
0.74477,0.971021,0.189855,-0.717355,0.530425,0.593659,-0.960441 
0.50025,0.478043,-0.283436,0.0941902,0.66731,0.57181,-0.541011 
0.501755,-0.244876,-0.373887,0.404422,0.868442,-0.002617,0.184128 
0.886126,-0.806967,0.0164222,0.391683,0.420242,-0.361246,0.198762 
0.992959,-0.862983,0.542729,0.693051,-0.200091,-0.578761,0.299644 
0.970277,-0.00632617,0.777698,0.399206,-0.695519,-0.015908,0.610269 
1.14067,0.264823,0.971021,0.189855,-0.717355,0.530425,0.593659 
1.10822,0.196565,0.478043,-0.283436,0.0941902,0.66731,0.57181 
1.11119,0.582669,-0.244876,-0.373887,0.404422,0.868442,-0.002617 
0.905199,0.55952,-0.806967,0.0164222,0.391683,0.420242,-0.361246 
0.73854,0.593381,-0.862983,0.542729,0.693051,-0.200091,-0.578761 
0.667526,0.17585,-0.00632617,0.777698,0.399206,-0.695519,-0.015908 
0.84077,-0.256554,0.264823,0.971021,0.189855,-0.717355,0.530425 
1.10412,-0.485642,0.196565,0.478043,-0.283436,0.0941902,0.66731 
1.21075,-0.217349,0.582669,-0.244876,-0.373887,0.404422,0.868442 
1.29108,0.437939,0.55952,-0.806967,0.0164222,0.391683,0.420242 
1.08891,0.700162,0.593381,-0.862983,0.542729,0.693051,-0.200091 
0.762189,0.869556,0.17585,-0.00632617,0.777698,0.399206,-0.695519 
0.518542,0.624501,-0.256554,0.264823,0.971021,0.189855,-0.717355 
0.48212,-0.0872764,-0.485642,0.196565,0.478043,-0.283436,0.0941902 
0.863434,-0.636944,-0.217349,0.582669,-0.244876,-0.373887,0.404422 
0.996642,-0.884225,0.437939,0.55952,-0.806967,0.0164222,0.391683 
0.967863,-0.137431,0.700162,0.593381,-0.862983,0.542729,0.693051 
1.13548,0.328136,0.869556,0.17585,-0.00632617,0.777698,0.399206 
1.11006,0.279136,0.624501,-0.256554,0.264823,0.971021,0.189855 
1.10783,0.583974,-0.0872764,-0.485642,0.196565,0.478043,-0.283436 
0.919501,0.534448,-0.636944,-0.217349,0.582669,-0.244876,-0.373887 
0.741868,0.414599,-0.884225,0.437939,0.55952,-0.806967,0.0164222 
0.675547,0.0727486,-0.137431,0.700162,0.593381,-0.862983,0.542729 
0.827717,-0.318189,0.328136,0.869556,0.17585,-0.00632617,0.777698 
1.09703,-0.289355,0.279136,0.624501,-0.256554,0.264823,0.971021 
1.21151,0.0917198,0.583974,-0.0872764,-0.485642,0.196565,0.478043 
1.29268,0.600718,0.534448,-0.636944,-0.217349,0.582669,-0.244876 
1.10444,0.862802,0.414599,-0.884225,0.437939,0.55952,-0.806967 
0.772684,0.98901,0.0727486,-0.137431,0.700162,0.593381,-0.862983 
0.523677,0.364206,-0.318189,0.328136,0.869556,0.17585,-0.00632617 
0.469623,-0.378235,-0.289355,0.279136,0.624501,-0.256554,0.264823 
0.847758,-0.905441,0.0917198,0.583974,-0.0872764,-0.485642,0.196565 
0.993256,-0.792467,0.600718,0.534448,-0.636944,-0.217349,0.582669 
0.960943,0.064134,0.862802,0.414599,-0.884225,0.437939,0.55952 
1.12715,0.207872,0.98901,0.0727486,-0.137431,0.700162,0.593381 
1.11567,0.172083,0.364206,-0.318189,0.328136,0.869556,0.17585 
1.1183,0.584565,-0.378235,-0.289355,0.279136,0.624501,-0.256554 
0.943516,0.606996,-0.905441,0.0917198,0.583974,-0.0872764,-0.485642 
0.750351,0.692278,-0.792467,0.600718,0.534448,-0.636944,-0.217349 
0.66774,0.205165,0.064134,0.862802,0.414599,-0.884225,0.437939 
0.788863,-0.269742,0.207872,0.98901,0.0727486,-0.137431,0.700162 
1.07503,-0.612602,0.172083,0.364206,-0.318189,0.328136,0.869556 
1.19717,-0.353369,0.584565,-0.378235,-0.289355,0.279136,0.624501 
1.27704,0.355294,0.606996,-0.905441,0.0917198,0.583974,-0.0872764 
1.13876,0.580176,0.692278,-0.792467,0.600718,0.534448,-0.636944 
0.808371,0.712493,0.205165,0.064134,0.862802,0.414599,-0.884225 
0.555097,0.666555,-0.269742,0.207872,0.98901,0.0727486,-0.137431 
0.459551,0.0713093,-0.612602,0.172083,0.364206,-0.318189,0.328136 
0.813985,-0.396001,-0.353369,0.584565,-0.378235,-0.289355,0.279136 
1.00083,-0.749,0.355294,0.606996,-0.905441,0.0917198,0.583974 
0.970571,-0.204311,0.580176,0.692278,-0.792467,0.600718,0.534448 
1.1196,0.417572,0.712493,0.205165,0.064134,0.862802,0.414599 
1.11491,0.483907,0.666555,-0.269742,0.207872,0.98901,0.0727486 
1.09575,0.699855,0.0713093,-0.612602,0.172083,0.364206,-0.318189 
0.944512,0.533772,-0.396001,-0.353369,0.584565,-0.378235,-0.289355 
0.748191,0.0865471,-0.749,0.355294,0.606996,-0.905441,0.0917198 
0.694746,-0.327035,-0.204311,0.580176,0.692278,-0.792467,0.600718 
0.812502,-0.596067,0.417572,0.712493,0.205165,0.064134,0.862802 
1.08768,-0.0464322,0.483907,0.666555,-0.269742,0.207872,0.98901 
1.21585,0.519502,0.699855,0.0713093,-0.612602,0.172083,0.364206 
1.29883,0.63787,0.533772,-0.396001,-0.353369,0.584565,-0.378235 
1.12709,0.862226,0.0865471,-0.749,0.355294,0.606996,-0.905441 
0.785959,0.452778,-0.327035,-0.204311,0.580176,0.692278,-0.792467 
0.526905,-0.150451,-0.596067,0.417572,0.712493,0.205165,0.064134 
0.450323,-0.656379,-0.0464322,0.483907,0.666555,-0.269742,0.207872 
0.82266,-0.73383,0.519502,0.699855,0.0713093,-0.612602,0.172083 
0.983713,0.0621152,0.63787,0.533772,-0.396001,-0.353369,0.584565 
0.946306,0.419947,0.862226,0.0865471,-0.749,0.355294,0.606996 
1.10903,0.402755,0.452778,-0.327035,-0.204311,0.580176,0.692278 
