"ga.poly" "lin.reg" "svm" "rpart" "rf" "ci.tree"
"1" 0.669874522559643 0.694270475243808 0.71128264484762 0.779537760202993 0.674504205146932 0.731577272414347
"2" 0.631920481599777 0.691508985001249 0.708613881610867 0.745874287048071 0.656812129669271 0.703821354661288
"3" 0.669363191102667 0.693681505338082 0.701188624084095 0.761139029150291 0.675795315279643 0.726002699890289
"4" 0.678905438714541 0.696597376519848 0.710791193409001 0.764516689068368 0.690286846188347 0.738059511941483
"5" 0.660458222398936 0.699162514626558 0.708329805118313 0.755060556605361 0.668376621746029 0.695099273980105
"6" 0.68250065268407 0.721434128319332 0.738669146909823 0.787557202129626 0.703874363864318 0.758744326984987
"7" 0.652012856407787 0.679736339232815 0.689882699090326 0.763311688794241 0.675242439192571 0.718607213871461
"8" 0.654696660921082 0.687751303648293 0.703153764088477 0.757692007030302 0.676856598024465 0.727374256558134
"9" 0.661299056416529 0.717878684903422 0.721771463578054 0.745538114679361 0.674313357351949 0.723776435768725
"10" 0.660933347377124 0.70652833198164 0.724894071629369 0.772878952211819 0.698045553279872 0.746375965263842
"11" 0.653919300784287 0.709244734846074 0.704270262244614 0.72006156853463 0.646909453578623 0.682914781750021
"12" 0.661958469714425 0.694369224730439 0.71876822234097 0.782347842914649 0.681499567408171 0.741517060150538
"13" 0.639690112236062 0.670988511200102 0.693555832495962 0.742098713582932 0.671906578275058 0.710468348219974
"14" 0.64743835917887 0.698861019112409 0.693728373137144 0.751433182384673 0.649433063000668 0.699801369739205
"15" 0.617315764795372 0.653966895252108 0.673604258078663 0.713758761992415 0.642991878919695 0.684102182310194
"16" 0.644521692354615 0.687469529126962 0.691303667187748 0.732448417246493 0.665987206846697 0.690904709548953
"17" 0.655213617829569 0.693664545944314 0.697620480869731 0.754911095753547 0.681400189605204 0.714001768439923
"18" 0.65095161830482 0.687806721800359 0.703294262394652 0.763799553140381 0.679033958572331 0.726717412073875
"19" 0.660898955767889 0.696262557394488 0.711066343971504 0.774375310488169 0.672507463635053 0.718025942761264
"20" 0.64399842893698 0.683243453251941 0.689338138202839 0.737688271386984 0.659006251347451 0.689770418126102
"21" 0.65356791501456 0.679913591439553 0.697438071963894 0.76133472207994 0.680515306381822 0.713462525459996
"22" 0.652246640289659 0.687372988160481 0.695949798950262 0.750585661905076 0.668575591761088 0.717948517892498
"23" 0.65352858798464 0.691072222239249 0.712028321276607 0.753886016634127 0.671703065062066 0.710595340237497
"24" 0.650996772245241 0.686252786747758 0.705120752481645 0.752250761173518 0.681164129218815 0.708724757303343
"25" 0.663403494934601 0.696349451826721 0.705019707497341 0.758887690613516 0.688096685094711 0.728966049481335
"26" 0.637219877686501 0.691475990780429 0.697062039290556 0.738534823690088 0.657918114345933 0.709085610989811
"27" 0.664089075629839 0.69877046498692 0.715158863334887 0.774930087087805 0.675394828630629 0.734525671180418
"28" 0.659648777508628 0.692849849548579 0.703550215097936 0.759320360537384 0.656201972017601 0.718748748468314
"29" 0.668833055131748 0.698313664344266 0.713392539365348 0.734917065330455 0.669464257290288 0.715625371526385
"30" 0.6658222905563 0.698670728564333 0.71119023223373 0.750451195521589 0.676990215533626 0.714438325707945
"31" 0.631450330611987 0.64832396123269 0.655276402792185 0.727216485610821 0.632438115934299 0.692591879686011
"32" 0.616204005232274 0.636071897051222 0.639207986217592 0.710962996054218 0.623689949796463 0.661073193995437
"33" 0.674050969918522 0.693058048891423 0.713497101360426 0.774922807300304 0.683309401544413 0.713282129123894
"34" 0.663773654830324 0.711605217081824 0.721945872036106 0.762877367734962 0.662678378244547 0.728403650897645
"35" 0.656261731772137 0.735238909612853 0.739142244626486 0.744473648178892 0.659741241872789 0.707059719385095
"36" 0.639802228792217 0.668933631424353 0.679317128792612 0.755978163358859 0.656437060111249 0.704364846188383
"37" 0.658502084497578 0.707622844258669 0.711985340308414 0.74711193724657 0.666361893662228 0.70469773217681
"38" 0.662271332946015 0.727144352607057 0.742950536998401 0.782267061918651 0.682639487115982 0.726946989089029
"39" 0.636558114265417 0.673056521578553 0.691770553929156 0.726386910151093 0.659414712219053 0.691457127204929
"40" 0.632091048685327 0.656580740703285 0.653405910067623 0.720354589505615 0.643948738907564 0.689432191765039
"41" 0.668171815140049 0.709766427993488 0.7277685091621 0.783097304019389 0.697040384413417 0.719665558224886
"42" 0.660908065861607 0.693800703052689 0.71550329625609 0.781482759570357 0.698502621498359 0.733029405587209
"43" 0.656917638180597 0.707894190747213 0.728421160775963 0.758905145099714 0.662519737864319 0.706679649537813
"44" 0.66020737648088 0.688289535126938 0.697196836061082 0.757842619936027 0.67916761115109 0.708603918281963
"45" 0.662351059705291 0.715766443735868 0.73163107676908 0.749634189822594 0.675382147254565 0.712082160466453
"46" 0.66172346141419 0.700344400298449 0.716729030625266 0.755233365841792 0.693147359756636 0.728790679600242
"47" 0.64032987156333 0.703730667054726 0.7197062462373 0.745181480158369 0.661426459214513 0.709591932376995
"48" 0.628085762840548 0.666733106910415 0.671719270050715 0.717386397574396 0.643677870771874 0.680233587043784
"49" 0.659807354136402 0.721346243303666 0.72313750596375 0.761353517248741 0.681468713219033 0.717447343465262
"50" 0.651374360289771 0.678123059836251 0.689078514076816 0.756092236065353 0.672679254102573 0.706082236689147
"51" 0.649918085349653 0.69026305670884 0.711037906754648 0.759995760766374 0.664952977469441 0.710808775167013
"52" 0.616749116954093 0.64919662232259 0.651964320741171 0.714803792549261 0.627900074301305 0.678252947471592
"53" 0.641287270116059 0.70088974453681 0.696770011715526 0.735268332767354 0.641042146090701 0.705224918430596
"54" 0.669297270641165 0.686381449112321 0.700665963228803 0.76474855479346 0.670267693318454 0.726747835083015
"55" 0.661034691108219 0.719674875781819 0.731390688027991 0.751403326613514 0.670398685861754 0.718531621606078
"56" 0.6876046494117 0.72380884018711 0.741531389108083 0.784301682556292 0.698780029706616 0.746448764366269
"57" 0.674705870393428 0.702655881711749 0.714342307963376 0.757221333355026 0.692434863904774 0.717317817838069
"58" 0.662927420489105 0.724600376931723 0.729608338524744 0.754207111952899 0.686551195879553 0.722448129498383
"59" 0.63410247414272 0.665453572583734 0.68861184247939 0.725978440727546 0.645781565335825 0.702453447900121
"60" 0.640379875502187 0.718720201231771 0.721357436168346 0.75503073211955 0.686705135563291 0.731357285156208
"61" 0.680432368685649 0.693867083525423 0.713243740988061 0.753137532387006 0.688580685325988 0.728113165466185
"62" 0.636287969799483 0.662846657058983 0.674502001713497 0.737700363930486 0.653521486729931 0.694740607125898
"63" 0.654560835439884 0.685400530611737 0.69172953619499 0.750252409643023 0.673123158247524 0.721191813918454
"64" 0.68936925358406 0.73329108497005 0.741459763706002 0.773292078573379 0.689857852285055 0.7267572468592
"65" 0.657252136064826 0.720430984121758 0.736605866202358 0.767699066651016 0.675415978261828 0.720412265417704
"66" 0.637585451400115 0.659870901131689 0.676774344824903 0.737185763577123 0.638558053015596 0.674109794522696
"67" 0.678949442282205 0.711318458463145 0.724768877547058 0.772588475885445 0.692052955496451 0.733797474537533
"68" 0.622449809757491 0.658869655950235 0.670466702874394 0.71562381159458 0.631623246870177 0.673593051361704
"69" 0.664726776674611 0.713944999491369 0.723869664996197 0.752395490606846 0.678113440881443 0.711907818581659
"70" 0.683107196876022 0.71528499635517 0.7215372466281 0.771468984598831 0.700849296723596 0.726774024257317
"71" 0.630042992170637 0.663032888349304 0.674146388353822 0.742521149910676 0.641099717712998 0.69222385906019
"72" 0.634233013219272 0.669403241822561 0.683035232533406 0.714661217384106 0.654044766515649 0.697251365716673
"73" 0.646668576033471 0.680269769439726 0.690729518083522 0.756931719955084 0.66927516380157 0.725794926655461
"74" 0.661073668206586 0.68028473873672 0.69144829426059 0.756839171372124 0.664971693783818 0.725552649846449
"75" 0.681765154429649 0.698870237465949 0.703394000589787 0.743517687022692 0.674058768579414 0.696332331312034

