"iteration" "lambda0.8" "lambda0.975" "lambda1"
"1" 1 0.49707 0.45577 0.4712
"2" 2 0.4807 0.45577 0.471
"3" 3 0.48006 0.45577 0.4595
"4" 4 0.49637 0.45365 0.4595
"5" 5 0.49637 0.45365 0.44118
"6" 6 0.48809 0.44411 0.44118
"7" 7 0.45549 0.43112 0.44118
"8" 8 0.45549 0.43112 0.4367
"9" 9 0.43616 0.43112 0.4367
"10" 10 0.42798 0.43112 0.4367
"11" 11 0.42755 0.43112 0.4367
"12" 12 0.41051 0.43112 0.4367
"13" 13 0.41018 0.43142 0.4367
"14" 14 0.41018 0.43142 0.4367
"15" 15 0.40029 0.43142 0.42606
"16" 16 0.40029 0.41857 0.42606
"17" 17 0.40029 0.41857 0.42606
"18" 18 0.40029 0.41857 0.42606
"19" 19 0.40029 0.40434 0.42606
"20" 20 0.40029 0.40434 0.42606
"21" 21 0.40029 0.40434 0.42606
"22" 22 0.40029 0.40434 0.42606
"23" 23 0.40029 0.39674 0.42606
"24" 24 0.40029 0.39674 0.42606
"25" 25 0.40029 0.39674 0.42606
"26" 26 0.40029 0.39674 0.42606
"27" 27 0.40029 0.39674 0.42606
"28" 28 0.40029 0.39674 0.42355
"29" 29 0.40029 0.39674 0.42355
"30" 30 0.40029 0.39674 0.42355
"31" 31 0.40029 0.39674 0.42355
"32" 32 0.40029 0.39674 0.42355
"33" 33 0.40029 0.39674 0.42355
"34" 34 0.40029 0.39674 0.42355
"35" 35 0.40029 0.39674 0.42355
"36" 36 0.40029 0.39674 0.42355
"37" 37 0.40029 0.39674 0.42355
"38" 38 0.40029 0.39674 0.42355
"39" 39 0.40029 0.39674 0.41743
"40" 40 0.40029 0.40232 0.41743
"41" 41 0.40029 0.40232 0.41743
"42" 42 0.40029 0.40232 0.41743
"43" 43 0.40029 0.40232 0.41743
"44" 44 0.40029 0.39964 0.41743
"45" 45 0.40029 0.39669 0.41743
"46" 46 0.40029 0.39669 0.41743
"47" 47 0.39348 0.39623 0.41743
"48" 48 0.39348 0.39623 0.41743
"49" 49 0.39348 0.39623 0.41743
"50" 50 0.39348 0.39623 0.41743
"51" 51 0.39348 0.39623 0.41743
"52" 52 0.39348 0.39623 0.41743
"53" 53 0.39348 0.39623 0.41743
"54" 54 0.39348 0.39623 0.41743
"55" 55 0.39348 0.39623 0.41743
"56" 56 0.39348 0.39623 0.41743
"57" 57 0.39348 0.39178 0.41743
"58" 58 0.39345 0.39178 0.41743
"59" 59 0.39345 0.39178 0.41743
"60" 60 0.39345 0.39178 0.41395
"61" 61 0.39345 0.39178 0.41395
"62" 62 0.39206 0.39178 0.41395
"63" 63 0.39206 0.39178 0.41395
"64" 64 0.39206 0.39178 0.40962
"65" 65 0.39206 0.39178 0.40962
"66" 66 0.39206 0.39178 0.40962
"67" 67 0.39206 0.39178 0.40962
"68" 68 0.39206 0.39178 0.40962
"69" 69 0.39206 0.39178 0.40962
"70" 70 0.39206 0.39178 0.40962
"71" 71 0.39206 0.39178 0.40962
"72" 72 0.39206 0.39178 0.40962
"73" 73 0.38919 0.39178 0.40962
"74" 74 0.38919 0.39178 0.40962
"75" 75 0.38919 0.39178 0.40962
"76" 76 0.38919 0.39178 0.40962
"77" 77 0.38919 0.39178 0.40962
"78" 78 0.38919 0.39178 0.40962
"79" 79 0.38919 0.39178 0.40962
"80" 80 0.38919 0.39178 0.40962
"81" 81 0.38919 0.39178 0.40962
"82" 82 0.38919 0.39178 0.40962
"83" 83 0.38919 0.39178 0.40962
"84" 84 0.38919 0.39178 0.40962
"85" 85 0.38919 0.39178 0.40962
"86" 86 0.38919 0.39178 0.40962
"87" 87 0.38919 0.39178 0.40962
"88" 88 0.38919 0.39178 0.40962
"89" 89 0.38919 0.39178 0.40962
"90" 90 0.38919 0.39178 0.40962
"91" 91 0.38919 0.39178 0.40962
"92" 92 0.38919 0.39178 0.40962
"93" 93 0.38919 0.39178 0.40962
"94" 94 0.38916 0.39178 0.40962
"95" 95 0.38916 0.39178 0.40962
"96" 96 0.38916 0.39178 0.40962
"97" 97 0.38916 0.39178 0.40962
"98" 98 0.38916 0.39178 0.40962
"99" 99 0.38916 0.39178 0.40962
"100" 100 0.38916 0.39178 0.40962
"101" 101 0.38916 0.39178 0.40962
"102" 102 0.38916 0.39178 0.40962
"103" 103 0.38916 0.39178 0.40962
"104" 104 0.38916 0.39178 0.40962
"105" 105 0.38916 0.39178 0.40962
"106" 106 0.38916 0.39178 0.40962
"107" 107 0.38916 0.39178 0.40962
"108" 108 0.38916 0.39178 0.40962
"109" 109 0.38916 0.39178 0.40962
"110" 110 0.38916 0.39178 0.40962
"111" 111 0.38916 0.39178 0.40962
"112" 112 0.38916 0.39178 0.40962
"113" 113 0.38916 0.39178 0.40962
"114" 114 0.38916 0.39178 0.40962
"115" 115 0.38916 0.39178 0.40962
"116" 116 0.38895 0.39178 0.40962
"117" 117 0.38895 0.39178 0.40962
"118" 118 0.38895 0.39178 0.40962
"119" 119 0.38895 0.39178 0.40962
"120" 120 0.38895 0.39178 0.40962
"121" 121 0.38895 0.39178 0.40962
"122" 122 0.38895 0.39178 0.40962
"123" 123 0.38895 0.39178 0.40962
"124" 124 0.38895 0.39178 0.40962
"125" 125 0.38895 0.39178 0.40962
"126" 126 0.38895 0.39178 0.40962
"127" 127 0.38895 0.39178 0.40962
"128" 128 0.38895 0.39178 0.40962
"129" 129 0.38895 0.39178 0.40962
"130" 130 0.38895 0.39178 0.40962
"131" 131 0.38895 0.39178 0.40962
"132" 132 0.38895 0.39178 0.40962
"133" 133 0.38528 0.39178 0.40962
"134" 134 0.38528 0.39178 0.40962
"135" 135 0.38528 0.39178 0.40962
"136" 136 0.38528 0.39178 0.40962
"137" 137 0.38528 0.39178 0.40962
"138" 138 0.38528 0.39178 0.40962
"139" 139 0.38528 0.39178 0.40962
"140" 140 0.38528 0.39178 0.40962
"141" 141 0.38528 0.39178 0.40962
"142" 142 0.38528 0.39178 0.40962
"143" 143 0.38528 0.39178 0.40962
"144" 144 0.38528 0.39178 0.40962
"145" 145 0.38528 0.39178 0.40962
"146" 146 0.38528 0.39178 0.40962
"147" 147 0.38528 0.39178 0.40962
"148" 148 0.38528 0.39178 0.40962
"149" 149 0.38528 0.39178 0.40962
"150" 150 0.38528 0.39178 0.40962
"151" 151 0.38528 0.39178 0.40962
"152" 152 0.38525 0.39178 0.40962
"153" 153 0.38525 0.39178 0.40962
"154" 154 0.38525 0.39178 0.40962
"155" 155 0.38525 0.39178 0.40962
"156" 156 0.38525 0.39178 0.40962
"157" 157 0.38525 0.39178 0.40962
"158" 158 0.38525 0.39178 0.40962
"159" 159 0.38525 0.39178 0.40962
"160" 160 0.38525 0.39178 0.40962
"161" 161 0.38525 0.39178 0.40962
"162" 162 0.38525 0.39178 0.40962
"163" 163 0.38525 0.39178 0.40962
"164" 164 0.38525 0.39178 0.40962
"165" 165 0.38525 0.39178 0.40962
"166" 166 0.38525 0.39178 0.40962
"167" 167 0.38525 0.39178 0.40962
"168" 168 0.38525 0.39178 0.40962
"169" 169 0.38525 0.39178 0.40962
"170" 170 0.38525 0.39178 0.40962
"171" 171 0.38525 0.39178 0.40962
"172" 172 0.38525 0.39178 0.40962
"173" 173 0.38525 0.39178 0.40962
"174" 174 0.38525 0.39178 0.40962
"175" 175 0.38525 0.39178 0.40962
"176" 176 0.38525 0.39178 0.40962
"177" 177 0.38205 0.39178 0.40962
"178" 178 0.38205 0.39178 0.40962
"179" 179 0.38205 0.39178 0.40962
"180" 180 0.38205 0.39178 0.40962
"181" 181 0.38205 0.39178 0.40962
"182" 182 0.38205 0.39178 0.40962
"183" 183 0.38205 0.39178 0.40962
"184" 184 0.38205 0.39178 0.40962
"185" 185 0.38205 0.39178 0.40962
"186" 186 0.38205 0.39178 0.40962
"187" 187 0.38205 0.39178 0.40962
"188" 188 0.38205 0.39178 0.40962
"189" 189 0.38205 0.39178 0.40962
"190" 190 0.38205 0.39178 0.40962
"191" 191 0.38205 0.39178 0.40962
"192" 192 0.38205 0.39178 0.40962
"193" 193 0.38205 0.39178 0.40916
"194" 194 0.38205 0.39178 0.40916
"195" 195 0.38205 0.39178 0.40916
"196" 196 0.38205 0.39178 0.40916
"197" 197 0.38205 0.39178 0.40196
"198" 198 0.38205 0.39178 0.40196
"199" 199 0.38205 0.39178 0.40196
"200" 200 0.38205 0.39178 0.40196
"201" 201 0.38205 0.39178 0.40196
"202" 202 0.38205 0.39178 0.40196
"203" 203 0.38205 0.39178 0.40196
"204" 204 0.38205 0.39178 0.40196
"205" 205 0.38205 0.39178 0.40196
"206" 206 0.38205 0.39178 0.40196
"207" 207 0.38205 0.39178 0.40196
"208" 208 0.38205 0.39178 0.40196
"209" 209 0.38205 0.39178 0.40196
"210" 210 0.38205 0.39178 0.40196
"211" 211 0.38205 0.39178 0.40196
"212" 212 0.38205 0.39178 0.40196
"213" 213 0.38205 0.39178 0.40196
"214" 214 0.38205 0.39178 0.40196
"215" 215 0.38205 0.39178 0.40196
"216" 216 0.38205 0.39178 0.40196
"217" 217 0.38205 0.39178 0.40196
"218" 218 0.38205 0.39178 0.40196
"219" 219 0.38205 0.39178 0.40196
"220" 220 0.38205 0.39178 0.40196
"221" 221 0.38205 0.39178 0.40196
"222" 222 0.38205 0.39178 0.40196
"223" 223 0.38205 0.39161 0.40196
"224" 224 0.37793 0.39161 0.40196
"225" 225 0.37793 0.39161 0.40196
"226" 226 0.37793 0.39161 0.40196
"227" 227 0.37793 0.39161 0.40196
"228" 228 0.37793 0.39161 0.40196
"229" 229 0.37793 0.39161 0.40196
"230" 230 0.37793 0.39161 0.40196
"231" 231 0.37793 0.39161 0.40196
"232" 232 0.37793 0.39161 0.40196
"233" 233 0.37793 0.39161 0.40196
"234" 234 0.37793 0.39161 0.40196
"235" 235 0.37793 0.39161 0.40196
"236" 236 0.37793 0.39161 0.40196
"237" 237 0.37793 0.39161 0.40196
"238" 238 0.37793 0.39161 0.40196
"239" 239 0.37793 0.39161 0.40196
"240" 240 0.37793 0.39161 0.40196
"241" 241 0.37793 0.39161 0.40196
"242" 242 0.37793 0.39161 0.40196
"243" 243 0.37793 0.39161 0.40196
"244" 244 0.37793 0.39161 0.40196
"245" 245 0.37793 0.39161 0.40196
"246" 246 0.37793 0.39161 0.40196
"247" 247 0.37793 0.39161 0.40196
"248" 248 0.37793 0.39161 0.40196
"249" 249 0.37793 0.39161 0.40196
"250" 250 0.37793 0.39161 0.40196
"251" 251 0.37793 0.39161 0.40196
"252" 252 0.37793 0.39161 0.40196
"253" 253 0.37793 0.39161 0.40196
"254" 254 0.37793 0.39161 0.40196
"255" 255 0.37793 0.39161 0.40196
"256" 256 0.37793 0.39161 0.40096
"257" 257 0.37793 0.39161 0.40096
"258" 258 0.37793 0.39161 0.40096
"259" 259 0.37793 0.39161 0.40096
"260" 260 0.37793 0.39161 0.40096
"261" 261 0.37793 0.39161 0.40096
"262" 262 0.37793 0.39161 0.40096
"263" 263 0.37793 0.39161 0.40096
"264" 264 0.37793 0.39161 0.40096
"265" 265 0.37793 0.39161 0.39965
"266" 266 0.37793 0.39161 0.39965
"267" 267 0.37793 0.39161 0.39965
"268" 268 0.37793 0.39161 0.39965
"269" 269 0.37793 0.39161 0.39965
"270" 270 0.37793 0.39161 0.39965
"271" 271 0.37793 0.39161 0.39965
"272" 272 0.37793 0.39161 0.39965
"273" 273 0.37793 0.39161 0.39965
"274" 274 0.37793 0.39161 0.39965
"275" 275 0.37793 0.39161 0.39965
"276" 276 0.37793 0.39161 0.39965
"277" 277 0.37793 0.39161 0.39965
"278" 278 0.37793 0.39161 0.39965
"279" 279 0.37793 0.39161 0.39965
"280" 280 0.37793 0.39161 0.39965
"281" 281 0.37793 0.39161 0.39965
"282" 282 0.37433 0.39161 0.39965
"283" 283 0.37433 0.39161 0.39965
"284" 284 0.37433 0.39161 0.39965
"285" 285 0.37433 0.39161 0.39965
"286" 286 0.37433 0.39161 0.39965
"287" 287 0.37433 0.39161 0.39965
"288" 288 0.37433 0.39161 0.39965
"289" 289 0.37433 0.39161 0.39965
"290" 290 0.37433 0.39161 0.39965
"291" 291 0.37433 0.39161 0.39965
"292" 292 0.37433 0.39161 0.39965
"293" 293 0.37433 0.39161 0.39965
"294" 294 0.37433 0.39161 0.39965
"295" 295 0.37433 0.39161 0.39965
"296" 296 0.37433 0.39161 0.39965
"297" 297 0.37433 0.39161 0.39965
"298" 298 0.37433 0.39161 0.39965
"299" 299 0.37433 0.39161 0.39965
"300" 300 0.37433 0.39161 0.39965
"301" 301 0.37433 0.39161 0.39965
"302" 302 0.37433 0.39161 0.39965
"303" 303 0.37433 0.39161 0.39965
"304" 304 0.37433 0.39161 0.39965
"305" 305 0.37433 0.39161 0.39965
"306" 306 0.37433 0.39161 0.39965
"307" 307 0.37433 0.38848 0.39965
"308" 308 0.37433 0.38848 0.39965
"309" 309 0.37433 0.38848 0.39965
"310" 310 0.37433 0.38848 0.39965
"311" 311 0.37433 0.38848 0.39965
"312" 312 0.37433 0.38848 0.39965
"313" 313 0.37433 0.38848 0.39965
"314" 314 0.37433 0.38848 0.39965
"315" 315 0.37433 0.38848 0.39965
"316" 316 0.37433 0.38848 0.39965
"317" 317 0.37433 0.38848 0.39965
"318" 318 0.37433 0.38848 0.39965
"319" 319 0.37433 0.38848 0.39965
"320" 320 0.37433 0.38848 0.39965
"321" 321 0.37433 0.38848 0.39965
"322" 322 0.37433 0.38848 0.39965
"323" 323 0.37433 0.38848 0.39965
"324" 324 0.37433 0.38848 0.39965
"325" 325 0.37433 0.38848 0.39965
"326" 326 0.37433 0.38848 0.39965
"327" 327 0.37433 0.38848 0.39965
"328" 328 0.37433 0.38848 0.39965
"329" 329 0.37433 0.38848 0.39965
"330" 330 0.37433 0.38848 0.39965
"331" 331 0.37433 0.38848 0.39965
"332" 332 0.37433 0.38848 0.39965
"333" 333 0.37433 0.38848 0.39965
"334" 334 0.37433 0.38848 0.39965
"335" 335 0.37433 0.38848 0.39965
"336" 336 0.37433 0.38848 0.39965
"337" 337 0.37433 0.38848 0.39965
"338" 338 0.37433 0.38848 0.39965
"339" 339 0.37433 0.38848 0.39965
"340" 340 0.37433 0.38848 0.39965
"341" 341 0.37433 0.38848 0.39965
"342" 342 0.37016 0.38848 0.39965
"343" 343 0.37016 0.38848 0.39965
"344" 344 0.37016 0.38848 0.39965
"345" 345 0.37016 0.38848 0.39965
"346" 346 0.37016 0.38848 0.39965
"347" 347 0.37016 0.38848 0.39965
"348" 348 0.37016 0.38848 0.39965
"349" 349 0.37016 0.38848 0.39965
"350" 350 0.37016 0.38848 0.39965
"351" 351 0.37016 0.38848 0.39965
"352" 352 0.37016 0.38848 0.39965
"353" 353 0.37016 0.38848 0.39965
"354" 354 0.37016 0.38848 0.39965
"355" 355 0.37016 0.38848 0.39965
"356" 356 0.37016 0.38848 0.39965
"357" 357 0.37016 0.38848 0.39965
"358" 358 0.37016 0.38848 0.39965
"359" 359 0.37016 0.38848 0.39965
"360" 360 0.37016 0.38848 0.39965
"361" 361 0.37016 0.38848 0.39965
"362" 362 0.37016 0.38848 0.39877
"363" 363 0.37016 0.38848 0.39877
"364" 364 0.37016 0.38848 0.39877
"365" 365 0.37016 0.38848 0.39877
"366" 366 0.37016 0.38848 0.39877
"367" 367 0.37016 0.38848 0.39877
"368" 368 0.37016 0.38848 0.39877
"369" 369 0.37016 0.38848 0.39877
"370" 370 0.37016 0.38848 0.39877
"371" 371 0.37016 0.38848 0.39877
"372" 372 0.37016 0.38848 0.39877
"373" 373 0.37016 0.38848 0.39877
"374" 374 0.37016 0.38848 0.39877
"375" 375 0.37016 0.38848 0.39877
"376" 376 0.37016 0.38848 0.39877
"377" 377 0.37016 0.38848 0.39877
"378" 378 0.37016 0.38848 0.39877
"379" 379 0.37016 0.38848 0.39877
"380" 380 0.37016 0.38848 0.39877
"381" 381 0.37016 0.38848 0.39877
"382" 382 0.37016 0.38848 0.39877
"383" 383 0.37016 0.38848 0.39877
"384" 384 0.37016 0.38848 0.39877
"385" 385 0.37016 0.38848 0.39877
"386" 386 0.37016 0.38848 0.39877
"387" 387 0.37016 0.38848 0.39877
"388" 388 0.37016 0.38848 0.39877
"389" 389 0.37016 0.38848 0.39877
"390" 390 0.37016 0.38848 0.39877
"391" 391 0.37016 0.38848 0.39877
"392" 392 0.37016 0.38848 0.39877
"393" 393 0.37016 0.38848 0.39877
"394" 394 0.37016 0.38848 0.39877
"395" 395 0.37016 0.38848 0.39877
"396" 396 0.37016 0.38848 0.39877
"397" 397 0.37016 0.38848 0.39877
"398" 398 0.37016 0.38848 0.39877
"399" 399 0.37016 0.38848 0.39835
"400" 400 0.37016 0.38848 0.39835
"401" 401 0.37016 0.38848 0.39835
"402" 402 0.37016 0.38848 0.39835
"403" 403 0.37016 0.38848 0.39835
"404" 404 0.37016 0.38848 0.39835
"405" 405 0.37016 0.38848 0.39835
"406" 406 0.37016 0.38848 0.39835
"407" 407 0.37016 0.38848 0.39835
"408" 408 0.37016 0.38848 0.39835
"409" 409 0.37016 0.38848 0.39835
"410" 410 0.37016 0.38848 0.39835
"411" 411 0.37016 0.38848 0.39835
"412" 412 0.37016 0.38848 0.39835
"413" 413 0.37016 0.38848 0.39835
"414" 414 0.37016 0.38848 0.39835
"415" 415 0.37016 0.38848 0.39835
"416" 416 0.37016 0.38848 0.39835
"417" 417 0.37016 0.38848 0.39835
"418" 418 0.37016 0.38848 0.39835
"419" 419 0.37016 0.38848 0.39835
"420" 420 0.37016 0.38848 0.39835
"421" 421 0.37016 0.38848 0.39835
"422" 422 0.37016 0.38848 0.39835
"423" 423 0.37016 0.38848 0.39835
"424" 424 0.37016 0.38848 0.39835
"425" 425 0.37016 0.38848 0.39835
"426" 426 0.37016 0.38848 0.39835
"427" 427 0.37016 0.38848 0.39816
"428" 428 0.37016 0.38848 0.39816
"429" 429 0.37016 0.38848 0.39816
"430" 430 0.37016 0.38848 0.39816
"431" 431 0.37016 0.38848 0.39816
"432" 432 0.37016 0.38848 0.39816
"433" 433 0.37016 0.38848 0.39816
"434" 434 0.37016 0.38848 0.39816
"435" 435 0.37016 0.38848 0.39816
"436" 436 0.37016 0.38848 0.39816
"437" 437 0.37016 0.38848 0.39816
"438" 438 0.37016 0.38848 0.39816
"439" 439 0.37016 0.38848 0.39816
"440" 440 0.37016 0.38848 0.39816
"441" 441 0.37016 0.38848 0.39816
"442" 442 0.37016 0.38848 0.39816
"443" 443 0.37016 0.38848 0.39816
"444" 444 0.37016 0.38848 0.39816
"445" 445 0.37016 0.38848 0.39816
"446" 446 0.37016 0.38848 0.39816
"447" 447 0.37016 0.38848 0.39816
"448" 448 0.37016 0.38848 0.39816
"449" 449 0.37016 0.38848 0.39816
"450" 450 0.37016 0.38848 0.39816
"451" 451 0.37016 0.38848 0.39816
"452" 452 0.37016 0.38848 0.39816
"453" 453 0.37016 0.38848 0.39816
"454" 454 0.37016 0.38848 0.39816
"455" 455 0.37016 0.38848 0.39816
"456" 456 0.37016 0.38848 0.39816
"457" 457 0.37016 0.38848 0.39816
"458" 458 0.37016 0.38848 0.39816
"459" 459 0.37016 0.38848 0.39816
"460" 460 0.37016 0.38848 0.39816
"461" 461 0.37016 0.38848 0.39816
"462" 462 0.37016 0.38848 0.39816
"463" 463 0.37016 0.38848 0.39816
"464" 464 0.37016 0.38848 0.39816
"465" 465 0.37016 0.38848 0.39782
"466" 466 0.37016 0.38848 0.39782
"467" 467 0.37016 0.38848 0.39782
"468" 468 0.37016 0.38848 0.39782
"469" 469 0.37016 0.38848 0.39782
"470" 470 0.37016 0.38848 0.39782
"471" 471 0.37016 0.38848 0.39782
"472" 472 0.37016 0.38848 0.39782
"473" 473 0.37016 0.38848 0.39782
"474" 474 0.37016 0.38848 0.39782
"475" 475 0.37016 0.38848 0.39782
"476" 476 0.37016 0.38848 0.39782
"477" 477 0.37016 0.38848 0.39782
"478" 478 0.37016 0.38848 0.39782
"479" 479 0.37016 0.38848 0.39782
"480" 480 0.37016 0.38848 0.39782
"481" 481 0.37016 0.38848 0.39782
"482" 482 0.37016 0.38848 0.39782
"483" 483 0.37016 0.38848 0.39782
"484" 484 0.37016 0.38848 0.39782
"485" 485 0.37016 0.38848 0.39782
"486" 486 0.37016 0.38848 0.39782
"487" 487 0.37016 0.38848 0.39782
"488" 488 0.37016 0.38848 0.39782
"489" 489 0.37016 0.38848 0.39782
"490" 490 0.37016 0.38848 0.39782
"491" 491 0.37016 0.38848 0.39782
"492" 492 0.37016 0.38848 0.39782
"493" 493 0.37016 0.38848 0.39782
"494" 494 0.37016 0.38848 0.39782
"495" 495 0.37016 0.38848 0.39782
"496" 496 0.37016 0.38848 0.39782
"497" 497 0.37016 0.38848 0.39782
"498" 498 0.37016 0.38826 0.39782
"499" 499 0.37016 0.38826 0.39782
"500" 500 0.37016 0.38826 0.39782
"501" 501 0.37016 0.38826 0.39782
"502" 502 0.37016 0.38826 0.39782
"503" 503 0.37016 0.38826 0.39782
"504" 504 0.37016 0.38826 0.39782
"505" 505 0.37016 0.38826 0.39782
"506" 506 0.37016 0.38826 0.39782
"507" 507 0.37016 0.38826 0.39782
"508" 508 0.37016 0.38826 0.39782
"509" 509 0.37016 0.38826 0.3977
"510" 510 0.37016 0.38826 0.3977
"511" 511 0.37016 0.38826 0.3977
"512" 512 0.37016 0.38826 0.3977
"513" 513 0.37016 0.38826 0.3977
"514" 514 0.37016 0.38826 0.3977
"515" 515 0.37016 0.38826 0.3977
"516" 516 0.37016 0.38826 0.3977
"517" 517 0.37016 0.38826 0.3977
"518" 518 0.37016 0.38826 0.3977
"519" 519 0.37016 0.38826 0.3977
"520" 520 0.37016 0.38826 0.3977
"521" 521 0.37016 0.38826 0.3977
"522" 522 0.37016 0.38826 0.3977
"523" 523 0.37016 0.38826 0.3977
"524" 524 0.37016 0.38826 0.3977
"525" 525 0.37016 0.38826 0.3977
"526" 526 0.37016 0.38826 0.3977
"527" 527 0.37016 0.38826 0.3977
"528" 528 0.37016 0.38826 0.3977
"529" 529 0.37016 0.38826 0.3977
"530" 530 0.37016 0.38826 0.3977
"531" 531 0.37016 0.38826 0.3977
"532" 532 0.37016 0.38826 0.3977
"533" 533 0.37016 0.38826 0.3977
"534" 534 0.37016 0.38826 0.3977
"535" 535 0.37016 0.38826 0.3977
"536" 536 0.37016 0.38826 0.3977
"537" 537 0.37016 0.38826 0.3977
"538" 538 0.37016 0.38826 0.3977
"539" 539 0.37016 0.38826 0.3973
"540" 540 0.37016 0.38826 0.3973
"541" 541 0.37016 0.38826 0.3973
"542" 542 0.37016 0.38826 0.3973
"543" 543 0.37016 0.38826 0.3973
"544" 544 0.37016 0.38826 0.3973
"545" 545 0.37016 0.38826 0.3973
"546" 546 0.37016 0.38826 0.3973
"547" 547 0.37016 0.38826 0.3973
"548" 548 0.37016 0.38826 0.3973
"549" 549 0.37016 0.38826 0.3973
"550" 550 0.37016 0.38826 0.3973
"551" 551 0.37016 0.38826 0.3973
"552" 552 0.37016 0.38826 0.3973
"553" 553 0.37016 0.38826 0.3973
"554" 554 0.37016 0.38826 0.3973
"555" 555 0.37016 0.38826 0.3973
"556" 556 0.37016 0.38826 0.3973
"557" 557 0.37016 0.38826 0.3973
"558" 558 0.37016 0.38826 0.3973
"559" 559 0.37016 0.38826 0.3973
"560" 560 0.37016 0.38826 0.3973
"561" 561 0.37016 0.38826 0.3973
"562" 562 0.37016 0.38826 0.3973
"563" 563 0.37016 0.38826 0.3973
"564" 564 0.37016 0.38826 0.3973
"565" 565 0.37016 0.38826 0.3973
"566" 566 0.37016 0.38826 0.3973
"567" 567 0.37016 0.38826 0.3973
"568" 568 0.37016 0.38826 0.3973
"569" 569 0.37016 0.38826 0.3973
"570" 570 0.37016 0.38826 0.3973
"571" 571 0.37016 0.38826 0.3973
"572" 572 0.37016 0.38826 0.3973
"573" 573 0.37016 0.38826 0.3973
"574" 574 0.37016 0.38826 0.3973
"575" 575 0.37016 0.38826 0.3973
"576" 576 0.37016 0.38826 0.3973
"577" 577 0.37016 0.38826 0.3973
"578" 578 0.37016 0.38826 0.3973
"579" 579 0.37016 0.38826 0.39535
"580" 580 0.37016 0.38826 0.39535
"581" 581 0.37016 0.38826 0.39535
"582" 582 0.37016 0.38826 0.39535
"583" 583 0.37016 0.38826 0.39535
"584" 584 0.37016 0.38826 0.39535
"585" 585 0.37016 0.38826 0.39535
"586" 586 0.37016 0.38826 0.39535
"587" 587 0.37016 0.38826 0.39535
"588" 588 0.37016 0.38826 0.39535
"589" 589 0.37016 0.38826 0.39535
"590" 590 0.37016 0.38826 0.39535
"591" 591 0.37016 0.38826 0.39535
"592" 592 0.37016 0.38826 0.39535
"593" 593 0.37016 0.38826 0.39535
"594" 594 0.37016 0.38826 0.39535
"595" 595 0.37016 0.38826 0.39535
"596" 596 0.37016 0.38826 0.39535
"597" 597 0.37016 0.38826 0.39535
"598" 598 0.37016 0.38826 0.39535
"599" 599 0.37016 0.38826 0.39535
"600" 600 0.37016 0.38826 0.39535
"601" 601 0.37016 0.38826 0.39535
"602" 602 0.37016 0.38826 0.39535
"603" 603 0.37016 0.38826 0.39535
"604" 604 0.37016 0.38826 0.39535
"605" 605 0.37016 0.38826 0.39535
"606" 606 0.37016 0.38826 0.39535
"607" 607 0.37016 0.38826 0.39535
"608" 608 0.37016 0.38826 0.39535
"609" 609 0.37016 0.38826 0.39535
"610" 610 0.37016 0.38826 0.39535
"611" 611 0.37016 0.38826 0.39535
"612" 612 0.37016 0.38826 0.39535
"613" 613 0.37016 0.38826 0.39535
"614" 614 0.37016 0.38826 0.39535
"615" 615 0.37016 0.38826 0.39535
"616" 616 0.37016 0.38826 0.39535
"617" 617 0.37016 0.38826 0.39535
"618" 618 0.37016 0.38826 0.39535
"619" 619 0.37016 0.38826 0.39535
"620" 620 0.37016 0.38826 0.39535
"621" 621 0.37016 0.38826 0.39535
"622" 622 0.37016 0.38826 0.39535
"623" 623 0.37016 0.38826 0.39535
"624" 624 0.37016 0.38826 0.39535
"625" 625 0.37016 0.38826 0.39535
"626" 626 0.37016 0.38826 0.39535
"627" 627 0.37016 0.38826 0.39535
"628" 628 0.37016 0.38826 0.39535
"629" 629 0.37016 0.38826 0.39535
"630" 630 0.37016 0.38826 0.39535
"631" 631 0.37016 0.38826 0.39535
"632" 632 0.37016 0.38826 0.39535
"633" 633 0.37016 0.38826 0.39535
"634" 634 0.37016 0.38826 0.39535
"635" 635 0.37016 0.38826 0.39535
"636" 636 0.37016 0.38826 0.39535
"637" 637 0.37016 0.38826 0.39535
"638" 638 0.37016 0.38826 0.39535
"639" 639 0.37016 0.38826 0.39535
"640" 640 0.37016 0.38826 0.39535
"641" 641 0.37016 0.38826 0.39535
"642" 642 0.37016 0.38826 0.39535
"643" 643 0.37016 0.38826 0.39535
"644" 644 0.37016 0.38826 0.39535
"645" 645 0.37016 0.38826 0.39535
"646" 646 0.37016 0.38826 0.39535
"647" 647 0.37016 0.38826 0.39535
"648" 648 0.37016 0.38826 0.39535
"649" 649 0.37016 0.38826 0.39535
"650" 650 0.37016 0.38826 0.39535
"651" 651 0.37016 0.38826 0.39535
"652" 652 0.37016 0.38826 0.39535
"653" 653 0.37016 0.38826 0.39535
"654" 654 0.37016 0.38826 0.39535
"655" 655 0.37016 0.38826 0.39535
"656" 656 0.37015 0.38826 0.39535
"657" 657 0.37015 0.38826 0.39535
"658" 658 0.37015 0.38826 0.39535
"659" 659 0.37015 0.38826 0.39535
"660" 660 0.37015 0.38826 0.39535
"661" 661 0.37015 0.38826 0.39535
"662" 662 0.37015 0.38826 0.39535
"663" 663 0.37015 0.38826 0.39535
"664" 664 0.37015 0.38826 0.39535
"665" 665 0.37015 0.38826 0.39535
"666" 666 0.37015 0.38826 0.39535
"667" 667 0.37015 0.38801 0.39535
"668" 668 0.37015 0.38801 0.39535
"669" 669 0.37015 0.38801 0.39535
"670" 670 0.37015 0.38801 0.39535
"671" 671 0.37015 0.38801 0.39535
"672" 672 0.37015 0.38801 0.39535
"673" 673 0.37015 0.38801 0.39535
"674" 674 0.37015 0.38801 0.39535
"675" 675 0.37015 0.38801 0.39535
"676" 676 0.37015 0.38801 0.39535
"677" 677 0.37015 0.38801 0.39535
"678" 678 0.37015 0.38801 0.39535
"679" 679 0.37015 0.38801 0.39535
"680" 680 0.37015 0.38801 0.39535
"681" 681 0.37015 0.38801 0.39535
"682" 682 0.37015 0.38801 0.39535
"683" 683 0.37015 0.38801 0.39535
"684" 684 0.37015 0.38801 0.39535
"685" 685 0.37015 0.38801 0.39535
"686" 686 0.37015 0.38801 0.39535
"687" 687 0.37015 0.38801 0.39535
"688" 688 0.37015 0.38801 0.39535
"689" 689 0.37015 0.38801 0.39535
"690" 690 0.37015 0.38801 0.39535
"691" 691 0.37015 0.38801 0.39535
"692" 692 0.37015 0.38801 0.39535
"693" 693 0.37015 0.38801 0.39261
"694" 694 0.37015 0.38801 0.39261
"695" 695 0.37015 0.38801 0.39261
"696" 696 0.37015 0.38801 0.39261
"697" 697 0.37015 0.38801 0.39261
"698" 698 0.37015 0.38801 0.39261
"699" 699 0.37015 0.38801 0.39261
"700" 700 0.37015 0.38801 0.39261
"701" 701 0.37015 0.38801 0.39261
"702" 702 0.37015 0.38801 0.39261
"703" 703 0.37015 0.38801 0.39261
"704" 704 0.37015 0.38801 0.39261
"705" 705 0.37015 0.38801 0.39261
"706" 706 0.37015 0.38801 0.39261
"707" 707 0.37015 0.38801 0.39261
"708" 708 0.37015 0.38801 0.39261
"709" 709 0.37015 0.38801 0.39261
"710" 710 0.37015 0.38801 0.39261
"711" 711 0.37015 0.38801 0.39261
"712" 712 0.37015 0.38801 0.39261
"713" 713 0.37015 0.38801 0.39261
"714" 714 0.37015 0.38801 0.39261
"715" 715 0.37015 0.38801 0.39261
"716" 716 0.37015 0.38801 0.39261
"717" 717 0.37015 0.38801 0.39261
"718" 718 0.37015 0.38801 0.39261
"719" 719 0.37015 0.38801 0.39241
"720" 720 0.37015 0.38801 0.39241
"721" 721 0.37015 0.38801 0.39241
"722" 722 0.37015 0.38801 0.39241
"723" 723 0.37015 0.38801 0.39241
"724" 724 0.37015 0.38801 0.39241
"725" 725 0.37015 0.38801 0.39241
"726" 726 0.37015 0.38801 0.39241
"727" 727 0.37015 0.38801 0.39241
"728" 728 0.37015 0.38801 0.39241
"729" 729 0.37015 0.38801 0.39241
"730" 730 0.37015 0.38801 0.39241
"731" 731 0.37015 0.38801 0.39241
"732" 732 0.37015 0.38801 0.39241
"733" 733 0.37015 0.38801 0.39241
"734" 734 0.37015 0.38801 0.39241
"735" 735 0.37015 0.38801 0.39241
"736" 736 0.37015 0.38801 0.39241
"737" 737 0.37015 0.38801 0.39241
"738" 738 0.37015 0.38801 0.39241
"739" 739 0.37015 0.38801 0.39241
"740" 740 0.37015 0.38801 0.39241
"741" 741 0.37015 0.38801 0.39241
"742" 742 0.37015 0.38801 0.39241
"743" 743 0.37015 0.38801 0.39241
"744" 744 0.37015 0.38801 0.39241
"745" 745 0.37015 0.38801 0.39241
"746" 746 0.37015 0.38801 0.39241
"747" 747 0.37015 0.38801 0.39241
"748" 748 0.37015 0.38801 0.39241
"749" 749 0.37015 0.38801 0.39241
"750" 750 0.37015 0.38801 0.39241
"751" 751 0.37015 0.38801 0.39241
"752" 752 0.37015 0.38801 0.39241
"753" 753 0.37015 0.38801 0.39241
"754" 754 0.37015 0.38801 0.39241
"755" 755 0.37015 0.38801 0.39241
"756" 756 0.37015 0.38801 0.39241
"757" 757 0.37015 0.38801 0.39241
"758" 758 0.37015 0.38801 0.39241
"759" 759 0.37015 0.38801 0.39241
"760" 760 0.37015 0.38801 0.39241
"761" 761 0.37015 0.38801 0.39241
"762" 762 0.37015 0.38801 0.39241
"763" 763 0.37015 0.38801 0.39241
"764" 764 0.37015 0.38801 0.39241
"765" 765 0.37015 0.38801 0.39241
"766" 766 0.37015 0.38801 0.39241
"767" 767 0.37015 0.38801 0.39241
"768" 768 0.37015 0.38801 0.39241
"769" 769 0.37015 0.38801 0.39241
"770" 770 0.37015 0.38801 0.39241
"771" 771 0.37015 0.38801 0.39241
"772" 772 0.37015 0.38801 0.39241
"773" 773 0.37015 0.38801 0.39241
"774" 774 0.37015 0.38801 0.39241
"775" 775 0.37015 0.38801 0.39241
"776" 776 0.37015 0.38801 0.39241
"777" 777 0.37015 0.38801 0.39241
"778" 778 0.37015 0.38801 0.39241
"779" 779 0.37015 0.38801 0.39241
"780" 780 0.37015 0.38801 0.39241
"781" 781 0.37015 0.38801 0.39241
"782" 782 0.37015 0.38801 0.39241
"783" 783 0.37015 0.38801 0.39241
"784" 784 0.37015 0.38801 0.39241
"785" 785 0.37015 0.38801 0.39241
"786" 786 0.37015 0.38801 0.39241
"787" 787 0.37015 0.38801 0.39241
"788" 788 0.37015 0.38801 0.39241
"789" 789 0.37015 0.38801 0.39241
"790" 790 0.37015 0.38801 0.39241
"791" 791 0.37015 0.38801 0.39241
"792" 792 0.37015 0.38801 0.39241
"793" 793 0.37015 0.38801 0.39241
"794" 794 0.37015 0.38801 0.39241
"795" 795 0.37015 0.38801 0.39241
"796" 796 0.37015 0.38801 0.39241
"797" 797 0.37015 0.38801 0.39241
"798" 798 0.37015 0.38801 0.39241
"799" 799 0.37015 0.38801 0.39241
"800" 800 0.37015 0.38801 0.39241
"801" 801 0.37015 0.38801 0.39241
"802" 802 0.37015 0.38801 0.39241
"803" 803 0.37015 0.38801 0.39241
"804" 804 0.37015 0.38801 0.39241
"805" 805 0.37015 0.38801 0.39241
"806" 806 0.37015 0.38801 0.39241
"807" 807 0.37015 0.38801 0.39241
"808" 808 0.37015 0.38801 0.39241
"809" 809 0.37015 0.38801 0.39241
"810" 810 0.37015 0.38801 0.39241
"811" 811 0.37015 0.38801 0.39241
"812" 812 0.37015 0.38801 0.39241
"813" 813 0.37015 0.38801 0.39241
"814" 814 0.37015 0.38801 0.39241
"815" 815 0.37015 0.38801 0.39241
"816" 816 0.37015 0.38801 0.39241
"817" 817 0.37015 0.38801 0.39241
"818" 818 0.37015 0.38801 0.39241
"819" 819 0.37015 0.38801 0.39241
"820" 820 0.37015 0.38801 0.39241
"821" 821 0.37015 0.38801 0.39241
"822" 822 0.37015 0.38801 0.39241
"823" 823 0.37015 0.38801 0.39241
"824" 824 0.37015 0.38801 0.39241
"825" 825 0.37015 0.38801 0.39241
"826" 826 0.37015 0.38801 0.39241
"827" 827 0.37015 0.38801 0.39241
"828" 828 0.37015 0.38801 0.39241
"829" 829 0.37015 0.38801 0.39241
"830" 830 0.37015 0.38681 0.39241
"831" 831 0.37015 0.38681 0.39241
"832" 832 0.37015 0.38681 0.39241
"833" 833 0.37015 0.38681 0.39241
"834" 834 0.37015 0.38681 0.39241
"835" 835 0.37015 0.38681 0.39241
"836" 836 0.37015 0.38681 0.39241
"837" 837 0.37015 0.38681 0.39241
"838" 838 0.37015 0.38681 0.39241
"839" 839 0.37015 0.38681 0.39241
"840" 840 0.37015 0.38681 0.39241
"841" 841 0.37015 0.38681 0.39241
"842" 842 0.37015 0.38681 0.39241
"843" 843 0.37015 0.38681 0.39241
"844" 844 0.37015 0.38681 0.39241
"845" 845 0.37015 0.38681 0.39241
"846" 846 0.37015 0.38681 0.39241
"847" 847 0.37015 0.38681 0.39241
"848" 848 0.37015 0.38681 0.39241
"849" 849 0.37015 0.38681 0.39241
"850" 850 0.37015 0.38681 0.39241
"851" 851 0.37015 0.38681 0.39241
"852" 852 0.37015 0.38681 0.39241
"853" 853 0.37015 0.38681 0.39241
"854" 854 0.37015 0.38681 0.39241
"855" 855 0.37015 0.38681 0.39241
"856" 856 0.37015 0.38681 0.39241
"857" 857 0.37015 0.38681 0.39241
"858" 858 0.37015 0.38681 0.39241
"859" 859 0.37015 0.38681 0.39241
"860" 860 0.37015 0.38681 0.39241
"861" 861 0.37015 0.38681 0.39241
"862" 862 0.37015 0.38681 0.39241
"863" 863 0.37015 0.38681 0.39241
"864" 864 0.37015 0.38681 0.39241
"865" 865 0.37015 0.38681 0.39241
"866" 866 0.37015 0.38681 0.39241
"867" 867 0.37015 0.38681 0.39241
"868" 868 0.37015 0.38681 0.39241
"869" 869 0.37015 0.38681 0.39241
"870" 870 0.37015 0.38681 0.39241
"871" 871 0.37015 0.38681 0.39241
"872" 872 0.37015 0.38681 0.39241
"873" 873 0.37015 0.38681 0.39241
"874" 874 0.37015 0.38681 0.39241
"875" 875 0.37015 0.38681 0.39241
"876" 876 0.37015 0.38681 0.39241
"877" 877 0.37015 0.38681 0.39241
"878" 878 0.37015 0.38681 0.39241
"879" 879 0.37015 0.38681 0.39241
"880" 880 0.37015 0.38681 0.39241
"881" 881 0.37015 0.38681 0.39241
"882" 882 0.37015 0.38681 0.39241
"883" 883 0.37015 0.38681 0.39241
"884" 884 0.37015 0.38681 0.39241
"885" 885 0.37015 0.38681 0.39241
"886" 886 0.37015 0.38681 0.39241
"887" 887 0.37015 0.38681 0.39241
"888" 888 0.37015 0.38681 0.39241
"889" 889 0.37015 0.38681 0.39241
"890" 890 0.37015 0.38681 0.39241
"891" 891 0.37015 0.38681 0.39241
"892" 892 0.37015 0.38681 0.39241
"893" 893 0.37015 0.38681 0.39241
"894" 894 0.37015 0.38681 0.39241
"895" 895 0.37015 0.38681 0.39241
"896" 896 0.37015 0.38681 0.39241
"897" 897 0.37015 0.38681 0.39241
"898" 898 0.37015 0.38681 0.39241
"899" 899 0.37015 0.38681 0.39241
"900" 900 0.37015 0.38681 0.39241
"901" 901 0.37015 0.38681 0.39241
"902" 902 0.37015 0.38681 0.39241
"903" 903 0.37015 0.38681 0.39241
"904" 904 0.37015 0.38681 0.38929
"905" 905 0.37015 0.38681 0.38929
"906" 906 0.37015 0.38681 0.38929
"907" 907 0.37015 0.38681 0.38929
"908" 908 0.37015 0.38681 0.38929
"909" 909 0.37015 0.38681 0.38929
"910" 910 0.37015 0.38681 0.38929
"911" 911 0.37015 0.38681 0.38929
"912" 912 0.37015 0.38681 0.38929
"913" 913 0.37015 0.38681 0.38929
"914" 914 0.37015 0.38681 0.38929
"915" 915 0.37015 0.38681 0.38929
"916" 916 0.37015 0.38681 0.38929
"917" 917 0.37015 0.38681 0.38929
"918" 918 0.37015 0.38681 0.38929
"919" 919 0.37015 0.38681 0.38929
"920" 920 0.37015 0.38681 0.38929
"921" 921 0.37015 0.38681 0.38929
"922" 922 0.37015 0.38681 0.38929
"923" 923 0.37015 0.38681 0.38929
"924" 924 0.37015 0.38681 0.38929
"925" 925 0.37015 0.38681 0.38929
"926" 926 0.37015 0.38681 0.38929
"927" 927 0.37015 0.38681 0.38929
"928" 928 0.37015 0.38681 0.38929
"929" 929 0.37015 0.38681 0.38929
"930" 930 0.37015 0.38681 0.38929
"931" 931 0.37015 0.38681 0.38929
"932" 932 0.37015 0.38681 0.38929
"933" 933 0.37015 0.38681 0.38929
"934" 934 0.37015 0.38681 0.38929
"935" 935 0.37015 0.38681 0.38929
"936" 936 0.37015 0.38681 0.38929
"937" 937 0.37015 0.38681 0.38929
"938" 938 0.37015 0.38681 0.38929
"939" 939 0.37015 0.38681 0.38929
"940" 940 0.37015 0.38681 0.38929
"941" 941 0.37015 0.38681 0.38929
"942" 942 0.37015 0.38681 0.38929
"943" 943 0.37015 0.38681 0.38929
"944" 944 0.37015 0.38681 0.38929
"945" 945 0.37015 0.38681 0.38929
"946" 946 0.37015 0.38681 0.38929
"947" 947 0.37015 0.38681 0.38929
"948" 948 0.37015 0.38681 0.38929
"949" 949 0.37015 0.38681 0.38929
"950" 950 0.37015 0.38681 0.38929
"951" 951 0.37015 0.38681 0.38929
"952" 952 0.37015 0.38681 0.38929
"953" 953 0.37015 0.38681 0.38929
"954" 954 0.37015 0.38681 0.38929
"955" 955 0.37015 0.38681 0.38929
"956" 956 0.37015 0.38681 0.38929
"957" 957 0.37015 0.38681 0.38929
"958" 958 0.37015 0.38681 0.38929
"959" 959 0.37015 0.38681 0.38929
"960" 960 0.37015 0.38681 0.38929
"961" 961 0.37015 0.38681 0.38929
"962" 962 0.37015 0.38681 0.38929
"963" 963 0.37015 0.38681 0.38929
"964" 964 0.37015 0.38681 0.38929
"965" 965 0.37015 0.38681 0.38929
"966" 966 0.37015 0.38681 0.38929
"967" 967 0.37015 0.38681 0.38929
"968" 968 0.37015 0.38681 0.38929
"969" 969 0.37015 0.38681 0.38929
"970" 970 0.37015 0.38681 0.38929
"971" 971 0.37015 0.38681 0.38929
"972" 972 0.37015 0.38681 0.38929
"973" 973 0.37015 0.38681 0.38929
"974" 974 0.37015 0.38681 0.38929
"975" 975 0.37015 0.38681 0.38929
"976" 976 0.37015 0.38681 0.38929
"977" 977 0.37015 0.38681 0.38929
"978" 978 0.37015 0.38681 0.38929
"979" 979 0.37015 0.38681 0.38929
"980" 980 0.37015 0.38681 0.38929
"981" 981 0.37015 0.38681 0.38929
"982" 982 0.37015 0.38681 0.38929
"983" 983 0.37015 0.38681 0.38929
"984" 984 0.37015 0.38681 0.38929
"985" 985 0.37015 0.38681 0.38929
"986" 986 0.37015 0.38681 0.38929
"987" 987 0.37015 0.38681 0.38929
"988" 988 0.37015 0.38681 0.38929
"989" 989 0.37015 0.38681 0.38929
"990" 990 0.37015 0.38681 0.38929
"991" 991 0.37015 0.38681 0.38929
"992" 992 0.37015 0.38681 0.38929
"993" 993 0.37015 0.38681 0.38929
"994" 994 0.37015 0.38681 0.38929
"995" 995 0.37015 0.38681 0.38929
"996" 996 0.37015 0.38681 0.38929
"997" 997 0.37015 0.38681 0.38929
"998" 998 0.37015 0.38681 0.38929
"999" 999 0.37006 0.38681 0.38929
"1000" 1000 0.37006 0.38681 0.38929
"1001" 1001 0.37006 0.38681 0.38929
"1002" 1002 0.37006 0.38681 0.38929
"1003" 1003 0.37006 0.38681 0.38929
"1004" 1004 0.37006 0.38681 0.38929
"1005" 1005 0.37006 0.38681 0.38929
"1006" 1006 0.37006 0.38681 0.38929
"1007" 1007 0.37006 0.38681 0.38929
"1008" 1008 0.37006 0.38681 0.38929
"1009" 1009 0.37006 0.38681 0.38929
"1010" 1010 0.37006 0.38681 0.38929
"1011" 1011 0.37006 0.38681 0.38929
"1012" 1012 0.37006 0.38681 0.38929
"1013" 1013 0.37006 0.38681 0.38929
"1014" 1014 0.37006 0.38681 0.38929
"1015" 1015 0.37006 0.38681 0.38929
"1016" 1016 0.37006 0.38681 0.38929
"1017" 1017 0.37006 0.38681 0.38929
"1018" 1018 0.37006 0.38681 0.38929
"1019" 1019 0.37006 0.38681 0.38929
"1020" 1020 0.37006 0.38681 0.38929
"1021" 1021 0.37006 0.38681 0.38929
"1022" 1022 0.37006 0.38681 0.38929
"1023" 1023 0.37006 0.38681 0.38929
"1024" 1024 0.37006 0.38681 0.38929
"1025" 1025 0.37006 0.38681 0.38929
"1026" 1026 0.37006 0.38681 0.38929
"1027" 1027 0.37006 0.38681 0.38929
"1028" 1028 0.37006 0.38681 0.38929
"1029" 1029 0.37006 0.38681 0.38929
"1030" 1030 0.37006 0.38681 0.38929
"1031" 1031 0.37006 0.38681 0.38929
"1032" 1032 0.37006 0.38681 0.38929
"1033" 1033 0.37006 0.38681 0.38929
"1034" 1034 0.37006 0.38681 0.38929
"1035" 1035 0.37006 0.38681 0.38929
"1036" 1036 0.37006 0.38681 0.38929
"1037" 1037 0.37006 0.38681 0.38929
"1038" 1038 0.37006 0.38681 0.38929
"1039" 1039 0.37006 0.38681 0.38929
"1040" 1040 0.37006 0.38681 0.38929
"1041" 1041 0.37006 0.38681 0.38929
"1042" 1042 0.37006 0.38681 0.38929
"1043" 1043 0.37006 0.38681 0.38929
"1044" 1044 0.37006 0.38681 0.38929
"1045" 1045 0.37006 0.38681 0.38929
"1046" 1046 0.37006 0.38681 0.38929
"1047" 1047 0.37006 0.38681 0.38929
"1048" 1048 0.36789 0.38681 0.38929
"1049" 1049 0.36789 0.38681 0.38929
"1050" 1050 0.36789 0.38681 0.38929
"1051" 1051 0.36789 0.38681 0.38929
"1052" 1052 0.36789 0.38681 0.38929
"1053" 1053 0.36789 0.38681 0.38929
"1054" 1054 0.36789 0.38681 0.38929
"1055" 1055 0.36789 0.38681 0.38929
"1056" 1056 0.36789 0.38681 0.38929
"1057" 1057 0.36789 0.38681 0.38929
"1058" 1058 0.36789 0.38681 0.38929
"1059" 1059 0.36789 0.38681 0.38929
"1060" 1060 0.36789 0.38681 0.38929
"1061" 1061 0.36789 0.38681 0.38929
"1062" 1062 0.36789 0.38681 0.38929
"1063" 1063 0.36789 0.38681 0.38929
"1064" 1064 0.36789 0.38681 0.38929
"1065" 1065 0.36789 0.38681 0.38929
"1066" 1066 0.36789 0.38681 0.38929
"1067" 1067 0.36789 0.38681 0.38929
"1068" 1068 0.36789 0.38681 0.38929
"1069" 1069 0.36789 0.38681 0.38929
"1070" 1070 0.36789 0.38681 0.38929
"1071" 1071 0.36789 0.38681 0.38929
"1072" 1072 0.36789 0.38681 0.38929
"1073" 1073 0.36789 0.38681 0.38929
"1074" 1074 0.36789 0.38681 0.38929
"1075" 1075 0.36789 0.38681 0.38929
"1076" 1076 0.36789 0.38681 0.38929
"1077" 1077 0.36789 0.38681 0.38929
"1078" 1078 0.36789 0.38681 0.38929
"1079" 1079 0.36789 0.38681 0.38929
"1080" 1080 0.36789 0.38681 0.38929
"1081" 1081 0.36789 0.38681 0.38929
"1082" 1082 0.36789 0.38681 0.38929
"1083" 1083 0.36789 0.38681 0.38929
"1084" 1084 0.36789 0.38681 0.38929
"1085" 1085 0.36789 0.38681 0.38929
"1086" 1086 0.36789 0.38681 0.38929
"1087" 1087 0.36789 0.38681 0.38929
"1088" 1088 0.36789 0.38681 0.38929
"1089" 1089 0.36789 0.38681 0.38929
"1090" 1090 0.36789 0.38681 0.38929
"1091" 1091 0.36789 0.38681 0.38929
"1092" 1092 0.36789 0.38681 0.38929
"1093" 1093 0.36789 0.38681 0.38929
"1094" 1094 0.36789 0.38681 0.38929
"1095" 1095 0.36789 0.38681 0.38929
"1096" 1096 0.36789 0.38681 0.38929
"1097" 1097 0.36789 0.38681 0.38929
"1098" 1098 0.36789 0.38681 0.38929
"1099" 1099 0.36789 0.38681 0.38929
"1100" 1100 0.36789 0.38681 0.38929
"1101" 1101 0.36789 0.38681 0.38929
"1102" 1102 0.36789 0.38681 0.38929
"1103" 1103 0.36789 0.38681 0.38929
"1104" 1104 0.36789 0.38681 0.38929
"1105" 1105 0.36789 0.38681 0.38929
"1106" 1106 0.36789 0.38681 0.38929
"1107" 1107 0.36789 0.38681 0.38929
"1108" 1108 0.36789 0.38681 0.38929
"1109" 1109 0.36789 0.38681 0.38929
"1110" 1110 0.36789 0.38681 0.38929
"1111" 1111 0.36789 0.38681 0.38929
"1112" 1112 0.36789 0.38681 0.38929
"1113" 1113 0.36789 0.38681 0.38929
"1114" 1114 0.36789 0.38681 0.38929
"1115" 1115 0.36789 0.38681 0.38929
"1116" 1116 0.36789 0.38681 0.38929
"1117" 1117 0.36789 0.38681 0.38929
"1118" 1118 0.36789 0.38681 0.38929
"1119" 1119 0.36789 0.38681 0.38929
"1120" 1120 0.36789 0.38681 0.38929
"1121" 1121 0.36789 0.38681 0.38929
"1122" 1122 0.36789 0.38681 0.38929
"1123" 1123 0.36789 0.38681 0.38929
"1124" 1124 0.36789 0.38681 0.38929
"1125" 1125 0.36789 0.38681 0.38929
"1126" 1126 0.36789 0.38681 0.38929
"1127" 1127 0.36789 0.38681 0.38929
"1128" 1128 0.36789 0.38681 0.38929
"1129" 1129 0.36789 0.38681 0.38929
"1130" 1130 0.36789 0.38681 0.38929
"1131" 1131 0.36789 0.38681 0.38929
"1132" 1132 0.36789 0.38681 0.38929
"1133" 1133 0.36789 0.38681 0.38929
"1134" 1134 0.36789 0.38681 0.38929
"1135" 1135 0.36789 0.38681 0.38929
"1136" 1136 0.36789 0.38681 0.38929
"1137" 1137 0.36789 0.38681 0.38929
"1138" 1138 0.36789 0.38681 0.38929
"1139" 1139 0.36789 0.38681 0.38929
"1140" 1140 0.36789 0.38681 0.38929
"1141" 1141 0.36789 0.38681 0.38929
"1142" 1142 0.36789 0.38681 0.38929
"1143" 1143 0.36789 0.38681 0.38929
"1144" 1144 0.36789 0.38681 0.38929
"1145" 1145 0.36789 0.38681 0.38929
"1146" 1146 0.36789 0.38681 0.38929
"1147" 1147 0.36789 0.38681 0.38929
"1148" 1148 0.36789 0.38681 0.38929
"1149" 1149 0.36789 0.38681 0.38929
"1150" 1150 0.36789 0.38681 0.38929
"1151" 1151 0.36789 0.38681 0.38929
"1152" 1152 0.36789 0.38681 0.38929
"1153" 1153 0.36789 0.38681 0.38929
"1154" 1154 0.36789 0.38681 0.38929
"1155" 1155 0.36789 0.38681 0.38929
"1156" 1156 0.36789 0.38681 0.38929
"1157" 1157 0.36789 0.38681 0.38929
"1158" 1158 0.36789 0.38681 0.38929
"1159" 1159 0.36789 0.38681 0.38929
"1160" 1160 0.36789 0.38681 0.38929
"1161" 1161 0.36789 0.38681 0.38929
"1162" 1162 0.36789 0.38681 0.38929
"1163" 1163 0.36789 0.38681 0.38929
"1164" 1164 0.36789 0.38681 0.38929
"1165" 1165 0.36789 0.38681 0.38929
"1166" 1166 0.36789 0.38681 0.38929
"1167" 1167 0.36789 0.38681 0.38929
"1168" 1168 0.36789 0.38681 0.38929
"1169" 1169 0.36789 0.38681 0.38929
"1170" 1170 0.36789 0.38681 0.38929
"1171" 1171 0.36789 0.38681 0.38929
"1172" 1172 0.36789 0.38681 0.38929
"1173" 1173 0.36789 0.38681 0.38929
"1174" 1174 0.36789 0.38681 0.38929
"1175" 1175 0.36789 0.38681 0.38929
"1176" 1176 0.36789 0.38681 0.38929
"1177" 1177 0.36789 0.38681 0.38929
"1178" 1178 0.36789 0.38681 0.38929
"1179" 1179 0.36789 0.38681 0.38929
"1180" 1180 0.36789 0.38681 0.38929
"1181" 1181 0.36789 0.38681 0.38929
"1182" 1182 0.36789 0.38681 0.38929
"1183" 1183 0.36789 0.38681 0.38929
"1184" 1184 0.36789 0.38681 0.38929
"1185" 1185 0.36789 0.38681 0.38929
"1186" 1186 0.36789 0.38681 0.38929
"1187" 1187 0.36789 0.38681 0.38929
"1188" 1188 0.36789 0.38681 0.38929
"1189" 1189 0.36789 0.38681 0.38929
"1190" 1190 0.36789 0.38681 0.38929
"1191" 1191 0.36789 0.38681 0.38929
"1192" 1192 0.36789 0.38681 0.38929
"1193" 1193 0.36789 0.38681 0.38929
"1194" 1194 0.36789 0.38681 0.38929
"1195" 1195 0.36789 0.38681 0.38929
"1196" 1196 0.36789 0.38681 0.38929
"1197" 1197 0.36789 0.38681 0.38929
"1198" 1198 0.36789 0.38681 0.38929
"1199" 1199 0.36789 0.38681 0.38929
"1200" 1200 0.36789 0.38681 0.38929
"1201" 1201 0.36789 0.38681 0.38929
"1202" 1202 0.36789 0.38681 0.38929
"1203" 1203 0.36789 0.38681 0.38929
"1204" 1204 0.36789 0.38681 0.38929
"1205" 1205 0.36789 0.38681 0.38929
"1206" 1206 0.36789 0.38681 0.38929
"1207" 1207 0.36789 0.38681 0.38929
"1208" 1208 0.36789 0.38681 0.38929
"1209" 1209 0.36789 0.38681 0.38929
"1210" 1210 0.36789 0.38681 0.38929
"1211" 1211 0.36789 0.38681 0.38929
"1212" 1212 0.36789 0.38681 0.38929
"1213" 1213 0.36789 0.38681 0.38929
"1214" 1214 0.36789 0.38681 0.38929
"1215" 1215 0.36789 0.38681 0.38929
"1216" 1216 0.36789 0.38681 0.38929
"1217" 1217 0.36789 0.38681 0.38929
"1218" 1218 0.36789 0.38681 0.38929
"1219" 1219 0.36789 0.38681 0.38929
"1220" 1220 0.36789 0.38681 0.38929
"1221" 1221 0.36789 0.38681 0.38929
"1222" 1222 0.36789 0.38681 0.38929
"1223" 1223 0.36789 0.38681 0.38929
"1224" 1224 0.36789 0.38681 0.38929
"1225" 1225 0.36789 0.38681 0.38929
"1226" 1226 0.36789 0.38681 0.38929
"1227" 1227 0.36789 0.38681 0.38929
"1228" 1228 0.36789 0.38681 0.38929
"1229" 1229 0.36789 0.38681 0.38929
"1230" 1230 0.36789 0.38681 0.38929
"1231" 1231 0.36789 0.38681 0.38929
"1232" 1232 0.36789 0.38681 0.38929
"1233" 1233 0.36789 0.38681 0.38929
"1234" 1234 0.36789 0.38681 0.38929
"1235" 1235 0.36789 0.38681 0.38929
"1236" 1236 0.36789 0.38681 0.38929
"1237" 1237 0.36789 0.38681 0.38929
"1238" 1238 0.36789 0.38681 0.38929
"1239" 1239 0.36789 0.38667 0.38929
"1240" 1240 0.36789 0.38667 0.38929
"1241" 1241 0.36789 0.38667 0.38929
"1242" 1242 0.36789 0.38667 0.38929
"1243" 1243 0.36789 0.38667 0.38929
"1244" 1244 0.36789 0.38667 0.38929
"1245" 1245 0.36789 0.38667 0.38929
"1246" 1246 0.36789 0.38667 0.38929
"1247" 1247 0.36789 0.38667 0.38929
"1248" 1248 0.36789 0.38667 0.38929
"1249" 1249 0.36789 0.38667 0.38929
"1250" 1250 0.36789 0.38667 0.38929
"1251" 1251 0.36789 0.38667 0.38929
"1252" 1252 0.36789 0.38667 0.38929
"1253" 1253 0.36789 0.38667 0.38929
"1254" 1254 0.36789 0.38667 0.38929
"1255" 1255 0.36789 0.38667 0.38929
"1256" 1256 0.36789 0.38667 0.38929
"1257" 1257 0.36789 0.38667 0.38929
"1258" 1258 0.36789 0.38667 0.38929
"1259" 1259 0.36789 0.38667 0.38929
"1260" 1260 0.36789 0.38667 0.38929
"1261" 1261 0.36789 0.38667 0.38929
"1262" 1262 0.36789 0.38667 0.38929
"1263" 1263 0.36789 0.38667 0.38929
"1264" 1264 0.36789 0.38667 0.38929
"1265" 1265 0.36789 0.38667 0.38929
"1266" 1266 0.36789 0.38667 0.38929
"1267" 1267 0.36765 0.38667 0.38929
"1268" 1268 0.36765 0.38667 0.38929
"1269" 1269 0.36765 0.38667 0.38929
"1270" 1270 0.36765 0.38667 0.38929
"1271" 1271 0.36765 0.38667 0.38929
"1272" 1272 0.36765 0.38667 0.38929
"1273" 1273 0.36765 0.38667 0.38929
"1274" 1274 0.36765 0.38667 0.38929
"1275" 1275 0.36765 0.38667 0.38929
"1276" 1276 0.36765 0.38667 0.38909
"1277" 1277 0.36765 0.38667 0.38909
"1278" 1278 0.36765 0.38667 0.38909
"1279" 1279 0.36765 0.38667 0.38909
"1280" 1280 0.36765 0.38667 0.38909
"1281" 1281 0.36765 0.38667 0.38909
"1282" 1282 0.36765 0.38667 0.38909
"1283" 1283 0.36765 0.38667 0.38909
"1284" 1284 0.36765 0.38667 0.38909
"1285" 1285 0.36765 0.38667 0.38909
"1286" 1286 0.36765 0.38667 0.38909
"1287" 1287 0.36765 0.38667 0.38909
"1288" 1288 0.36765 0.38667 0.38909
"1289" 1289 0.36765 0.38667 0.38909
"1290" 1290 0.36765 0.38667 0.38909
"1291" 1291 0.36765 0.38667 0.38909
"1292" 1292 0.36765 0.38667 0.38909
"1293" 1293 0.36765 0.38667 0.38909
"1294" 1294 0.36765 0.38667 0.38909
"1295" 1295 0.36765 0.38667 0.38909
"1296" 1296 0.36765 0.38667 0.38909
"1297" 1297 0.36765 0.38667 0.38909
"1298" 1298 0.36765 0.38667 0.38909
"1299" 1299 0.36765 0.38667 0.38909
"1300" 1300 0.36765 0.38667 0.38909
"1301" 1301 0.36765 0.38667 0.38909
"1302" 1302 0.36765 0.38667 0.38909
"1303" 1303 0.36765 0.38667 0.38909
"1304" 1304 0.36765 0.38667 0.38909
"1305" 1305 0.36765 0.38667 0.38909
"1306" 1306 0.36765 0.38667 0.38909
"1307" 1307 0.36765 0.38667 0.38909
"1308" 1308 0.36765 0.38667 0.38909
"1309" 1309 0.36765 0.38667 0.38909
"1310" 1310 0.36765 0.38667 0.38909
"1311" 1311 0.36765 0.38667 0.38909
"1312" 1312 0.36765 0.38667 0.38909
"1313" 1313 0.36765 0.38667 0.38909
"1314" 1314 0.36765 0.38667 0.38909
"1315" 1315 0.36765 0.38667 0.38909
"1316" 1316 0.36765 0.38667 0.38909
"1317" 1317 0.36765 0.38667 0.38909
"1318" 1318 0.36765 0.38667 0.38909
"1319" 1319 0.36765 0.38667 0.38909
"1320" 1320 0.36765 0.38667 0.38909
"1321" 1321 0.36765 0.38667 0.38909
"1322" 1322 0.36765 0.38667 0.38909
"1323" 1323 0.36765 0.38667 0.38909
"1324" 1324 0.36765 0.38667 0.38909
"1325" 1325 0.36765 0.38667 0.38909
"1326" 1326 0.36765 0.38667 0.38909
"1327" 1327 0.36765 0.38667 0.38909
"1328" 1328 0.36765 0.38667 0.38909
"1329" 1329 0.36765 0.38667 0.38909
"1330" 1330 0.36765 0.38667 0.38909
"1331" 1331 0.36765 0.38667 0.38909
"1332" 1332 0.36765 0.38667 0.38909
"1333" 1333 0.36765 0.38667 0.38907
"1334" 1334 0.36765 0.38667 0.38907
"1335" 1335 0.36765 0.38667 0.38907
"1336" 1336 0.36765 0.38667 0.38907
"1337" 1337 0.36765 0.38667 0.38907
"1338" 1338 0.36765 0.38667 0.38907
"1339" 1339 0.36765 0.38667 0.38907
"1340" 1340 0.36765 0.38667 0.38907
"1341" 1341 0.36765 0.38667 0.38907
"1342" 1342 0.36765 0.38667 0.38907
"1343" 1343 0.36765 0.38667 0.38907
"1344" 1344 0.36765 0.38667 0.38907
"1345" 1345 0.36765 0.38667 0.38907
"1346" 1346 0.36765 0.38667 0.38907
"1347" 1347 0.36765 0.38667 0.38907
"1348" 1348 0.36765 0.38667 0.38907
"1349" 1349 0.36765 0.38667 0.38907
"1350" 1350 0.36765 0.38667 0.38907
"1351" 1351 0.36765 0.38667 0.38907
"1352" 1352 0.36765 0.38667 0.38907
"1353" 1353 0.36765 0.38667 0.38907
"1354" 1354 0.36765 0.38667 0.38907
"1355" 1355 0.36765 0.38667 0.38907
"1356" 1356 0.36765 0.38667 0.38907
"1357" 1357 0.36765 0.38667 0.38907
"1358" 1358 0.36765 0.38667 0.38907
"1359" 1359 0.36765 0.38667 0.38907
"1360" 1360 0.36765 0.38667 0.38907
"1361" 1361 0.36765 0.38667 0.38907
"1362" 1362 0.36765 0.38667 0.38907
"1363" 1363 0.36765 0.38667 0.38907
"1364" 1364 0.36765 0.38667 0.38907
"1365" 1365 0.36765 0.38667 0.38907
"1366" 1366 0.36765 0.38667 0.38907
"1367" 1367 0.36765 0.38667 0.38907
"1368" 1368 0.36765 0.38667 0.38907
"1369" 1369 0.36765 0.38667 0.38788
"1370" 1370 0.36765 0.38667 0.38788
"1371" 1371 0.36765 0.38667 0.38788
"1372" 1372 0.36765 0.38667 0.38788
"1373" 1373 0.36765 0.38667 0.38788
"1374" 1374 0.36765 0.38667 0.38788
"1375" 1375 0.36765 0.38667 0.38788
"1376" 1376 0.36765 0.38667 0.38788
"1377" 1377 0.36765 0.38667 0.38788
"1378" 1378 0.36765 0.38667 0.38788
"1379" 1379 0.36765 0.38667 0.38788
"1380" 1380 0.36765 0.38667 0.38788
"1381" 1381 0.36765 0.38667 0.38788
"1382" 1382 0.36765 0.38667 0.38788
"1383" 1383 0.36765 0.38667 0.38788
"1384" 1384 0.36765 0.38667 0.38788
"1385" 1385 0.36765 0.38667 0.38788
"1386" 1386 0.36765 0.38667 0.38788
"1387" 1387 0.36765 0.38667 0.38788
"1388" 1388 0.36765 0.38667 0.38788
"1389" 1389 0.36765 0.38667 0.38788
"1390" 1390 0.36765 0.38667 0.38788
"1391" 1391 0.36765 0.38667 0.38788
"1392" 1392 0.36765 0.38667 0.38788
"1393" 1393 0.36765 0.38667 0.38788
"1394" 1394 0.36765 0.38667 0.38788
"1395" 1395 0.36765 0.38667 0.38788
"1396" 1396 0.36765 0.38667 0.38788
"1397" 1397 0.36765 0.38667 0.38788
"1398" 1398 0.36765 0.38667 0.38788
"1399" 1399 0.36765 0.38667 0.38788
"1400" 1400 0.36765 0.38667 0.38788
"1401" 1401 0.36765 0.38667 0.38788
"1402" 1402 0.36765 0.38667 0.38788
"1403" 1403 0.36765 0.38667 0.38788
"1404" 1404 0.36765 0.38667 0.38788
"1405" 1405 0.36765 0.38667 0.38788
"1406" 1406 0.36765 0.38667 0.38788
"1407" 1407 0.36765 0.38667 0.38788
"1408" 1408 0.36765 0.38667 0.38788
"1409" 1409 0.36765 0.38667 0.38788
"1410" 1410 0.36765 0.38667 0.38788
"1411" 1411 0.36765 0.38667 0.38788
"1412" 1412 0.36765 0.38667 0.38788
"1413" 1413 0.36765 0.38667 0.38788
"1414" 1414 0.36765 0.38667 0.38788
"1415" 1415 0.36765 0.38667 0.38788
"1416" 1416 0.36765 0.38667 0.38788
"1417" 1417 0.36765 0.38667 0.38788
"1418" 1418 0.36765 0.38667 0.38788
"1419" 1419 0.36765 0.38667 0.38788
"1420" 1420 0.36765 0.38667 0.38788
"1421" 1421 0.36765 0.38667 0.38788
"1422" 1422 0.36765 0.38667 0.38788
"1423" 1423 0.36765 0.38667 0.38788
"1424" 1424 0.36765 0.38667 0.38788
"1425" 1425 0.36765 0.38667 0.38788
"1426" 1426 0.36765 0.38667 0.38788
"1427" 1427 0.36765 0.38667 0.38788
"1428" 1428 0.36765 0.38667 0.38788
"1429" 1429 0.36765 0.38667 0.38788
"1430" 1430 0.36765 0.38667 0.38788
"1431" 1431 0.36765 0.38667 0.38788
"1432" 1432 0.36765 0.38667 0.38788
"1433" 1433 0.36765 0.38667 0.38788
"1434" 1434 0.36765 0.38667 0.38788
"1435" 1435 0.36765 0.38667 0.38788
"1436" 1436 0.36765 0.38667 0.38788
"1437" 1437 0.36765 0.38667 0.38788
"1438" 1438 0.36765 0.38667 0.38788
"1439" 1439 0.36765 0.38667 0.38788
"1440" 1440 0.36765 0.38667 0.38788
"1441" 1441 0.36765 0.38667 0.38788
"1442" 1442 0.36765 0.38667 0.38788
"1443" 1443 0.36765 0.38667 0.38788
"1444" 1444 0.36765 0.38667 0.38788
"1445" 1445 0.36765 0.38667 0.38788
"1446" 1446 0.36765 0.38667 0.38788
"1447" 1447 0.36765 0.38667 0.38788
"1448" 1448 0.36765 0.38667 0.38788
"1449" 1449 0.36765 0.38667 0.38788
"1450" 1450 0.36765 0.38667 0.38788
"1451" 1451 0.36765 0.38667 0.38788
"1452" 1452 0.36765 0.38667 0.38788
"1453" 1453 0.36765 0.38667 0.38788
"1454" 1454 0.36765 0.38667 0.38788
"1455" 1455 0.36765 0.38667 0.38788
"1456" 1456 0.36765 0.38667 0.38788
"1457" 1457 0.36765 0.38667 0.38788
"1458" 1458 0.36765 0.38667 0.38788
"1459" 1459 0.36765 0.38667 0.38788
"1460" 1460 0.36765 0.38667 0.38788
"1461" 1461 0.36765 0.38667 0.38788
"1462" 1462 0.36765 0.38667 0.38788
"1463" 1463 0.36765 0.38667 0.38788
"1464" 1464 0.36765 0.38667 0.38788
"1465" 1465 0.36765 0.38667 0.38788
"1466" 1466 0.36765 0.38667 0.38788
"1467" 1467 0.36765 0.38667 0.38788
"1468" 1468 0.36765 0.38667 0.38788
"1469" 1469 0.36765 0.38667 0.38788
"1470" 1470 0.36765 0.38667 0.38788
"1471" 1471 0.36765 0.38667 0.38788
"1472" 1472 0.36765 0.38667 0.38788
"1473" 1473 0.36765 0.38667 0.38788
"1474" 1474 0.36765 0.38667 0.38788
"1475" 1475 0.36765 0.38667 0.38788
"1476" 1476 0.36765 0.38667 0.38788
"1477" 1477 0.36765 0.38667 0.38788
"1478" 1478 0.36765 0.38667 0.38788
"1479" 1479 0.36765 0.38667 0.38788
"1480" 1480 0.36765 0.38667 0.38788
"1481" 1481 0.36765 0.38667 0.38788
"1482" 1482 0.36765 0.38667 0.38788
"1483" 1483 0.36765 0.38667 0.38788
"1484" 1484 0.36765 0.38667 0.38788
"1485" 1485 0.36765 0.38667 0.38788
"1486" 1486 0.36765 0.38667 0.38788
"1487" 1487 0.36765 0.38667 0.38788
"1488" 1488 0.36765 0.38667 0.38788
"1489" 1489 0.36765 0.38667 0.38788
"1490" 1490 0.36765 0.38667 0.38788
"1491" 1491 0.36765 0.38667 0.38788
"1492" 1492 0.36765 0.38667 0.38788
"1493" 1493 0.36765 0.38667 0.38788
"1494" 1494 0.36765 0.38667 0.38788
"1495" 1495 0.36765 0.38667 0.38788
"1496" 1496 0.36765 0.38667 0.38788
"1497" 1497 0.36765 0.38667 0.38788
"1498" 1498 0.36765 0.38667 0.38788
"1499" 1499 0.36765 0.38667 0.38788
"1500" 1500 0.36765 0.38589 0.38788
"1501" 1501 0.36765 0.38589 0.38788
"1502" 1502 0.36765 0.38589 0.38788
"1503" 1503 0.36765 0.38589 0.38788
"1504" 1504 0.36765 0.38589 0.38788
"1505" 1505 0.36765 0.38589 0.38788
"1506" 1506 0.36765 0.38589 0.38788
"1507" 1507 0.36765 0.38589 0.38788
"1508" 1508 0.36765 0.38589 0.38788
"1509" 1509 0.36765 0.38589 0.38788
"1510" 1510 0.36765 0.38589 0.38788
"1511" 1511 0.36765 0.38589 0.38788
"1512" 1512 0.36765 0.38589 0.38788
"1513" 1513 0.36765 0.38589 0.38788
"1514" 1514 0.36765 0.38589 0.38788
"1515" 1515 0.36765 0.38589 0.38788
"1516" 1516 0.36765 0.38589 0.38788
"1517" 1517 0.36765 0.38589 0.38788
"1518" 1518 0.36765 0.38589 0.38788
"1519" 1519 0.36765 0.38589 0.38788
"1520" 1520 0.36765 0.38589 0.38788
"1521" 1521 0.36765 0.38589 0.38788
"1522" 1522 0.36765 0.38589 0.38788
"1523" 1523 0.36765 0.38589 0.38788
"1524" 1524 0.36765 0.38589 0.38788
"1525" 1525 0.36765 0.38589 0.38788
"1526" 1526 0.36765 0.38589 0.38788
"1527" 1527 0.36765 0.38589 0.38788
"1528" 1528 0.36765 0.38589 0.38788
"1529" 1529 0.36765 0.38589 0.38788
"1530" 1530 0.36765 0.38589 0.38788
"1531" 1531 0.36765 0.38589 0.38788
"1532" 1532 0.36765 0.38589 0.38788
"1533" 1533 0.36765 0.38589 0.38788
"1534" 1534 0.36765 0.38589 0.38788
"1535" 1535 0.36765 0.38589 0.38788
"1536" 1536 0.36765 0.38589 0.38788
"1537" 1537 0.36765 0.38589 0.38788
"1538" 1538 0.36765 0.38589 0.38788
"1539" 1539 0.36765 0.38589 0.38788
"1540" 1540 0.36765 0.38589 0.38788
"1541" 1541 0.36765 0.38589 0.38788
"1542" 1542 0.36765 0.38589 0.38788
"1543" 1543 0.36765 0.38589 0.38788
"1544" 1544 0.36765 0.38589 0.38788
"1545" 1545 0.36765 0.38589 0.38788
"1546" 1546 0.36765 0.38589 0.38788
"1547" 1547 0.36765 0.38589 0.38788
"1548" 1548 0.36765 0.38589 0.38788
"1549" 1549 0.36765 0.38589 0.38788
"1550" 1550 0.36765 0.38589 0.38788
"1551" 1551 0.36765 0.38589 0.38788
"1552" 1552 0.36765 0.38589 0.38788
"1553" 1553 0.36765 0.38589 0.38788
"1554" 1554 0.36765 0.38589 0.38788
"1555" 1555 0.36765 0.38589 0.38788
"1556" 1556 0.36765 0.38589 0.38788
"1557" 1557 0.36765 0.38589 0.38788
"1558" 1558 0.36765 0.38589 0.38788
"1559" 1559 0.36765 0.38589 0.38788
"1560" 1560 0.36765 0.38589 0.38788
"1561" 1561 0.36765 0.38589 0.38788
"1562" 1562 0.36765 0.38589 0.38788
"1563" 1563 0.36765 0.38589 0.38788
"1564" 1564 0.36765 0.38589 0.38788
"1565" 1565 0.36765 0.38589 0.38788
"1566" 1566 0.36765 0.38589 0.38272
"1567" 1567 0.36765 0.38589 0.38272
"1568" 1568 0.36765 0.38589 0.38272
"1569" 1569 0.36765 0.38589 0.38272
"1570" 1570 0.36765 0.38589 0.38272
"1571" 1571 0.36765 0.38589 0.38272
"1572" 1572 0.36765 0.38589 0.38272
"1573" 1573 0.36765 0.38589 0.38272
"1574" 1574 0.36765 0.38589 0.38272
"1575" 1575 0.36765 0.38589 0.38272
"1576" 1576 0.36765 0.38589 0.38272
"1577" 1577 0.36765 0.38589 0.38272
"1578" 1578 0.36765 0.38589 0.38272
"1579" 1579 0.36765 0.38589 0.38272
"1580" 1580 0.36765 0.38589 0.38272
"1581" 1581 0.36765 0.38589 0.38272
"1582" 1582 0.36765 0.38589 0.38272
"1583" 1583 0.36765 0.38589 0.38272
"1584" 1584 0.36765 0.38589 0.38272
"1585" 1585 0.36765 0.38589 0.38272
"1586" 1586 0.36765 0.38589 0.38272
"1587" 1587 0.36765 0.38589 0.38272
"1588" 1588 0.36765 0.38589 0.38272
"1589" 1589 0.36765 0.38589 0.38272
"1590" 1590 0.36765 0.38589 0.38272
"1591" 1591 0.36765 0.38589 0.38272
"1592" 1592 0.36765 0.38589 0.38272
"1593" 1593 0.36765 0.38589 0.38272
"1594" 1594 0.36765 0.38589 0.38272
"1595" 1595 0.36765 0.38589 0.38272
"1596" 1596 0.36765 0.38589 0.38272
"1597" 1597 0.36765 0.38589 0.38272
"1598" 1598 0.36765 0.38589 0.38272
"1599" 1599 0.36765 0.38589 0.38272
"1600" 1600 0.36765 0.38589 0.38272
"1601" 1601 0.36765 0.38589 0.38272
"1602" 1602 0.36765 0.38589 0.38272
"1603" 1603 0.36765 0.38589 0.38272
"1604" 1604 0.36765 0.38589 0.38272
"1605" 1605 0.36765 0.38589 0.38272
"1606" 1606 0.36765 0.38589 0.38272
"1607" 1607 0.36765 0.38589 0.38272
"1608" 1608 0.36765 0.38589 0.38272
"1609" 1609 0.36765 0.38589 0.38272
"1610" 1610 0.36765 0.38589 0.38272
"1611" 1611 0.36765 0.38589 0.38272
"1612" 1612 0.36765 0.38589 0.38272
"1613" 1613 0.36765 0.38589 0.38272
"1614" 1614 0.36765 0.38589 0.38272
"1615" 1615 0.36765 0.38589 0.38272
"1616" 1616 0.36765 0.38589 0.38272
"1617" 1617 0.36765 0.38589 0.38272
"1618" 1618 0.36765 0.38589 0.38272
"1619" 1619 0.36765 0.38589 0.38272
"1620" 1620 0.36765 0.38589 0.38272
"1621" 1621 0.36765 0.38589 0.38272
"1622" 1622 0.36765 0.38589 0.38272
"1623" 1623 0.36765 0.38589 0.38272
"1624" 1624 0.36765 0.38589 0.38272
"1625" 1625 0.36765 0.38589 0.38272
"1626" 1626 0.36765 0.38589 0.38272
"1627" 1627 0.36765 0.38589 0.38272
"1628" 1628 0.36765 0.38589 0.38272
"1629" 1629 0.36765 0.38589 0.38272
"1630" 1630 0.36765 0.38589 0.38272
"1631" 1631 0.36765 0.38589 0.38272
"1632" 1632 0.36765 0.38589 0.38272
"1633" 1633 0.36765 0.38589 0.38272
"1634" 1634 0.36765 0.38589 0.38272
"1635" 1635 0.36765 0.38589 0.38272
"1636" 1636 0.36765 0.38589 0.38272
"1637" 1637 0.36765 0.38589 0.38272
"1638" 1638 0.36765 0.38589 0.38272
"1639" 1639 0.36765 0.38589 0.38272
"1640" 1640 0.36765 0.38589 0.38272
"1641" 1641 0.36765 0.38589 0.38272
"1642" 1642 0.36765 0.38589 0.38272
"1643" 1643 0.36765 0.38589 0.38272
"1644" 1644 0.36765 0.38589 0.38272
"1645" 1645 0.36765 0.38589 0.38272
"1646" 1646 0.36765 0.38589 0.38272
"1647" 1647 0.36765 0.38589 0.38272
"1648" 1648 0.36765 0.38589 0.38272
"1649" 1649 0.36765 0.38589 0.38272
"1650" 1650 0.36765 0.38589 0.38272
"1651" 1651 0.36765 0.38589 0.38272
"1652" 1652 0.36765 0.38589 0.38272
"1653" 1653 0.36765 0.38589 0.38272
"1654" 1654 0.36765 0.38589 0.38272
"1655" 1655 0.36765 0.38589 0.38272
"1656" 1656 0.36765 0.38589 0.38272
"1657" 1657 0.36668 0.38589 0.38272
"1658" 1658 0.36668 0.38589 0.38272
"1659" 1659 0.36668 0.38589 0.38272
"1660" 1660 0.36668 0.38589 0.38272
"1661" 1661 0.36668 0.38589 0.38272
"1662" 1662 0.36668 0.38589 0.38272
"1663" 1663 0.36668 0.38589 0.38272
"1664" 1664 0.36668 0.38589 0.38272
"1665" 1665 0.36668 0.38589 0.38272
"1666" 1666 0.36668 0.38589 0.38272
"1667" 1667 0.36668 0.38589 0.38272
"1668" 1668 0.36668 0.38589 0.38272
"1669" 1669 0.36668 0.38589 0.38272
"1670" 1670 0.36668 0.38589 0.38272
"1671" 1671 0.36668 0.38589 0.38272
"1672" 1672 0.36668 0.38589 0.38272
"1673" 1673 0.36668 0.38589 0.38272
"1674" 1674 0.36668 0.38589 0.38272
"1675" 1675 0.36668 0.38589 0.38272
"1676" 1676 0.36668 0.38589 0.38272
"1677" 1677 0.36668 0.38589 0.38272
"1678" 1678 0.36668 0.38589 0.38272
"1679" 1679 0.36668 0.38589 0.38272
"1680" 1680 0.36668 0.38589 0.38272
"1681" 1681 0.36668 0.38589 0.38272
"1682" 1682 0.36668 0.38589 0.38272
"1683" 1683 0.36668 0.38589 0.38272
"1684" 1684 0.36668 0.38589 0.38272
"1685" 1685 0.36668 0.38589 0.38272
"1686" 1686 0.36668 0.38589 0.38272
"1687" 1687 0.36668 0.38589 0.38272
"1688" 1688 0.36668 0.38589 0.38272
"1689" 1689 0.36668 0.38589 0.38272
"1690" 1690 0.36668 0.38589 0.38272
"1691" 1691 0.36668 0.38589 0.38272
"1692" 1692 0.36668 0.38589 0.38272
"1693" 1693 0.36668 0.38589 0.38272
"1694" 1694 0.36668 0.38589 0.38272
"1695" 1695 0.36668 0.38589 0.38272
"1696" 1696 0.36668 0.38589 0.38272
"1697" 1697 0.36668 0.38589 0.38272
"1698" 1698 0.36668 0.38589 0.38272
"1699" 1699 0.36668 0.38589 0.38272
"1700" 1700 0.36668 0.38589 0.38272
"1701" 1701 0.36668 0.38589 0.38272
"1702" 1702 0.36668 0.38589 0.38272
"1703" 1703 0.36668 0.38589 0.38272
"1704" 1704 0.36668 0.38589 0.38272
"1705" 1705 0.36668 0.38589 0.38272
"1706" 1706 0.36668 0.38589 0.38272
"1707" 1707 0.36668 0.38589 0.38272
"1708" 1708 0.36668 0.38589 0.38272
"1709" 1709 0.36668 0.38589 0.38272
"1710" 1710 0.36668 0.38589 0.38272
"1711" 1711 0.36668 0.38589 0.38272
"1712" 1712 0.36668 0.38589 0.38272
"1713" 1713 0.36668 0.38589 0.38272
"1714" 1714 0.36668 0.38589 0.38272
"1715" 1715 0.36668 0.38589 0.38272
"1716" 1716 0.36668 0.38589 0.38272
"1717" 1717 0.36668 0.38589 0.38272
"1718" 1718 0.36668 0.38589 0.38272
"1719" 1719 0.36668 0.38589 0.38272
"1720" 1720 0.36668 0.38589 0.38272
"1721" 1721 0.36668 0.38589 0.38272
"1722" 1722 0.36668 0.38589 0.38272
"1723" 1723 0.36668 0.38589 0.38272
"1724" 1724 0.36668 0.38589 0.38272
"1725" 1725 0.36668 0.38589 0.38272
"1726" 1726 0.36668 0.38589 0.38272
"1727" 1727 0.36668 0.38589 0.38272
"1728" 1728 0.36668 0.38589 0.38272
"1729" 1729 0.36668 0.38589 0.38272
"1730" 1730 0.36668 0.38589 0.38272
"1731" 1731 0.36668 0.38589 0.38272
"1732" 1732 0.36668 0.38589 0.38272
"1733" 1733 0.36668 0.38589 0.38272
"1734" 1734 0.36668 0.38589 0.38272
"1735" 1735 0.36668 0.38589 0.38272
"1736" 1736 0.36668 0.38589 0.38272
"1737" 1737 0.36668 0.38589 0.38272
"1738" 1738 0.36668 0.38589 0.38272
"1739" 1739 0.36668 0.38589 0.38272
"1740" 1740 0.36668 0.38589 0.38272
"1741" 1741 0.36668 0.38589 0.38272
"1742" 1742 0.36668 0.38589 0.38272
"1743" 1743 0.36668 0.38589 0.38272
"1744" 1744 0.36668 0.38589 0.38272
"1745" 1745 0.36668 0.38589 0.38272
"1746" 1746 0.36668 0.38589 0.38272
"1747" 1747 0.36668 0.38589 0.38272
"1748" 1748 0.36668 0.38589 0.38272
"1749" 1749 0.36668 0.38589 0.38272
"1750" 1750 0.36668 0.38589 0.38272
"1751" 1751 0.36668 0.38589 0.38272
"1752" 1752 0.36668 0.38589 0.38272
"1753" 1753 0.36668 0.38589 0.38272
"1754" 1754 0.36668 0.38589 0.38272
"1755" 1755 0.36668 0.38589 0.38272
"1756" 1756 0.36668 0.38589 0.38272
"1757" 1757 0.36668 0.38589 0.38272
"1758" 1758 0.36668 0.38589 0.38272
"1759" 1759 0.36668 0.38589 0.38272
"1760" 1760 0.36668 0.38589 0.38272
"1761" 1761 0.36668 0.38589 0.38272
"1762" 1762 0.36668 0.38589 0.38272
"1763" 1763 0.36668 0.38589 0.38272
"1764" 1764 0.36668 0.38589 0.38272
"1765" 1765 0.36668 0.38589 0.38272
"1766" 1766 0.36668 0.38589 0.38272
"1767" 1767 0.36668 0.38589 0.38272
"1768" 1768 0.36668 0.38589 0.38272
"1769" 1769 0.36668 0.38589 0.38272
"1770" 1770 0.36668 0.38589 0.38272
"1771" 1771 0.36668 0.38589 0.38272
"1772" 1772 0.36668 0.38589 0.38272
"1773" 1773 0.36668 0.38589 0.38272
"1774" 1774 0.36668 0.38589 0.38272
"1775" 1775 0.36668 0.38589 0.38272
"1776" 1776 0.36668 0.38589 0.38272
"1777" 1777 0.36668 0.38589 0.38272
"1778" 1778 0.36668 0.38589 0.38272
"1779" 1779 0.36668 0.38589 0.38272
"1780" 1780 0.36668 0.38589 0.38272
"1781" 1781 0.36668 0.38589 0.38272
"1782" 1782 0.36668 0.38589 0.38272
"1783" 1783 0.36668 0.38589 0.38272
"1784" 1784 0.36668 0.38589 0.38272
"1785" 1785 0.36668 0.38589 0.38272
"1786" 1786 0.36668 0.38589 0.38272
"1787" 1787 0.36668 0.38589 0.38272
"1788" 1788 0.36668 0.38589 0.38272
"1789" 1789 0.36668 0.38589 0.38272
"1790" 1790 0.36668 0.38589 0.38272
"1791" 1791 0.36668 0.38589 0.38272
"1792" 1792 0.36668 0.38589 0.38272
"1793" 1793 0.36668 0.38589 0.38272
"1794" 1794 0.36668 0.38589 0.38272
"1795" 1795 0.36668 0.38589 0.38272
"1796" 1796 0.36668 0.38589 0.38272
"1797" 1797 0.36668 0.38589 0.38272
"1798" 1798 0.36668 0.38589 0.38272
"1799" 1799 0.36668 0.38589 0.38272
"1800" 1800 0.36668 0.38589 0.38272
"1801" 1801 0.36668 0.38589 0.38272
"1802" 1802 0.36668 0.38589 0.38272
"1803" 1803 0.36668 0.38589 0.38272
"1804" 1804 0.36668 0.38589 0.38272
"1805" 1805 0.36668 0.38589 0.38272
"1806" 1806 0.36668 0.38589 0.38272
"1807" 1807 0.36668 0.38589 0.38272
"1808" 1808 0.36668 0.38589 0.38272
"1809" 1809 0.36668 0.38589 0.38272
"1810" 1810 0.36668 0.38589 0.38272
"1811" 1811 0.36668 0.38589 0.38272
"1812" 1812 0.36668 0.38589 0.38272
"1813" 1813 0.36668 0.38589 0.38272
"1814" 1814 0.36668 0.38589 0.38272
"1815" 1815 0.36668 0.38589 0.38272
"1816" 1816 0.36668 0.38589 0.38272
"1817" 1817 0.36668 0.38589 0.38272
"1818" 1818 0.36668 0.38589 0.38272
"1819" 1819 0.36668 0.38589 0.38272
"1820" 1820 0.36668 0.38589 0.38272
"1821" 1821 0.36668 0.38589 0.38272
"1822" 1822 0.36668 0.38589 0.38272
"1823" 1823 0.36668 0.38589 0.38272
"1824" 1824 0.36668 0.38589 0.38272
"1825" 1825 0.36668 0.38589 0.38272
"1826" 1826 0.36668 0.38589 0.38272
"1827" 1827 0.36668 0.38589 0.38272
"1828" 1828 0.36668 0.38589 0.38272
"1829" 1829 0.36668 0.38589 0.38272
"1830" 1830 0.36668 0.38589 0.38272
"1831" 1831 0.36668 0.38589 0.38272
"1832" 1832 0.36668 0.38589 0.38272
"1833" 1833 0.36668 0.38589 0.38272
"1834" 1834 0.36668 0.38589 0.38272
"1835" 1835 0.36668 0.38589 0.38272
"1836" 1836 0.36668 0.38589 0.38272
"1837" 1837 0.36668 0.38589 0.38272
"1838" 1838 0.36668 0.38589 0.38272
"1839" 1839 0.36668 0.38589 0.38272
"1840" 1840 0.36668 0.38589 0.38272
"1841" 1841 0.36668 0.38589 0.38272
"1842" 1842 0.36668 0.38589 0.38272
"1843" 1843 0.36668 0.38589 0.38272
"1844" 1844 0.36668 0.38589 0.38272
"1845" 1845 0.36668 0.38589 0.38272
"1846" 1846 0.36668 0.38589 0.38272
"1847" 1847 0.36668 0.38589 0.38272
"1848" 1848 0.36668 0.38589 0.38272
"1849" 1849 0.36668 0.38589 0.38272
"1850" 1850 0.36668 0.38589 0.38272
"1851" 1851 0.36668 0.38589 0.3825
"1852" 1852 0.36668 0.38589 0.3825
"1853" 1853 0.36668 0.38589 0.3825
"1854" 1854 0.36668 0.38589 0.3825
"1855" 1855 0.36668 0.38589 0.3825
"1856" 1856 0.36668 0.38589 0.3825
"1857" 1857 0.36668 0.38589 0.3825
"1858" 1858 0.36668 0.38589 0.3825
"1859" 1859 0.36668 0.38589 0.3825
"1860" 1860 0.36668 0.38589 0.3825
"1861" 1861 0.36668 0.38589 0.3825
"1862" 1862 0.36668 0.38589 0.3825
"1863" 1863 0.36668 0.38589 0.3825
"1864" 1864 0.36668 0.38589 0.3825
"1865" 1865 0.36668 0.38589 0.3825
"1866" 1866 0.36668 0.38589 0.3825
"1867" 1867 0.36668 0.38589 0.3825
"1868" 1868 0.36668 0.38589 0.3825
"1869" 1869 0.36668 0.38589 0.3825
"1870" 1870 0.36668 0.38589 0.3825
"1871" 1871 0.36668 0.38589 0.3825
"1872" 1872 0.36668 0.38589 0.3825
"1873" 1873 0.36668 0.38589 0.3825
"1874" 1874 0.36668 0.38589 0.3825
"1875" 1875 0.36668 0.38589 0.3825
"1876" 1876 0.36668 0.38589 0.3825
"1877" 1877 0.36668 0.38589 0.3825
"1878" 1878 0.36668 0.38589 0.3825
"1879" 1879 0.36668 0.38589 0.3825
"1880" 1880 0.36668 0.38589 0.3825
"1881" 1881 0.36668 0.38589 0.3825
"1882" 1882 0.36668 0.38589 0.3825
"1883" 1883 0.36668 0.38589 0.3825
"1884" 1884 0.36668 0.38589 0.3825
"1885" 1885 0.36668 0.38589 0.3825
"1886" 1886 0.36668 0.38589 0.3825
"1887" 1887 0.36668 0.38589 0.3825
"1888" 1888 0.36668 0.38589 0.3825
"1889" 1889 0.36668 0.38589 0.3825
"1890" 1890 0.36668 0.38589 0.3825
"1891" 1891 0.36668 0.38589 0.3825
"1892" 1892 0.36668 0.38589 0.3825
"1893" 1893 0.36668 0.38589 0.3825
"1894" 1894 0.36668 0.38589 0.3825
"1895" 1895 0.36668 0.38589 0.3825
"1896" 1896 0.36668 0.38589 0.3825
"1897" 1897 0.36668 0.38589 0.3825
"1898" 1898 0.36668 0.38589 0.3825
"1899" 1899 0.36668 0.38589 0.3825
"1900" 1900 0.36668 0.38589 0.3825
"1901" 1901 0.36668 0.38589 0.3825
"1902" 1902 0.36668 0.38589 0.3825
"1903" 1903 0.36668 0.38589 0.3825
"1904" 1904 0.36668 0.38589 0.3825
"1905" 1905 0.36668 0.38589 0.3825
"1906" 1906 0.36668 0.38589 0.3825
"1907" 1907 0.36668 0.38589 0.3825
"1908" 1908 0.36668 0.38589 0.3825
"1909" 1909 0.36668 0.38589 0.3825
"1910" 1910 0.36668 0.38589 0.3825
"1911" 1911 0.36668 0.38589 0.3825
"1912" 1912 0.36668 0.38589 0.3825
"1913" 1913 0.36668 0.38589 0.3825
"1914" 1914 0.36668 0.38589 0.3825
"1915" 1915 0.36668 0.38589 0.3825
"1916" 1916 0.36668 0.38589 0.3825
"1917" 1917 0.36668 0.38589 0.3825
"1918" 1918 0.36668 0.38589 0.3825
"1919" 1919 0.36668 0.38589 0.3825
"1920" 1920 0.36668 0.38589 0.3825
"1921" 1921 0.36668 0.38589 0.3825
"1922" 1922 0.36668 0.38589 0.3825
"1923" 1923 0.36668 0.38589 0.3825
"1924" 1924 0.36668 0.38589 0.3825
"1925" 1925 0.36668 0.38589 0.3825
"1926" 1926 0.36668 0.38589 0.3825
"1927" 1927 0.36668 0.38589 0.3825
"1928" 1928 0.36668 0.38589 0.3825
"1929" 1929 0.36668 0.38589 0.3825
"1930" 1930 0.36668 0.38589 0.3825
"1931" 1931 0.36668 0.38589 0.3825
"1932" 1932 0.36668 0.38589 0.3825
"1933" 1933 0.36668 0.38589 0.3825
"1934" 1934 0.36668 0.38589 0.3825
"1935" 1935 0.36668 0.38589 0.3825
"1936" 1936 0.36668 0.38589 0.3825
"1937" 1937 0.36668 0.38589 0.3825
"1938" 1938 0.36668 0.38589 0.3825
"1939" 1939 0.36668 0.38589 0.3825
"1940" 1940 0.36668 0.38589 0.3825
"1941" 1941 0.36668 0.38589 0.3825
"1942" 1942 0.36668 0.38589 0.3825
"1943" 1943 0.36668 0.38589 0.3825
"1944" 1944 0.36668 0.38589 0.3825
"1945" 1945 0.36668 0.38589 0.3825
"1946" 1946 0.36668 0.38589 0.3825
"1947" 1947 0.36668 0.38589 0.3825
"1948" 1948 0.36668 0.38589 0.3825
"1949" 1949 0.36668 0.38589 0.3825
"1950" 1950 0.36668 0.38589 0.3825
"1951" 1951 0.36668 0.38589 0.3825
"1952" 1952 0.36668 0.38589 0.3825
"1953" 1953 0.36668 0.38589 0.3825
"1954" 1954 0.36668 0.38589 0.3825
"1955" 1955 0.36668 0.38584 0.3825
"1956" 1956 0.36668 0.38584 0.3825
"1957" 1957 0.36668 0.38584 0.3825
"1958" 1958 0.36668 0.38584 0.3825
"1959" 1959 0.36668 0.38584 0.3825
"1960" 1960 0.36668 0.38584 0.3825
"1961" 1961 0.36668 0.38584 0.3825
"1962" 1962 0.36668 0.38584 0.3825
"1963" 1963 0.36668 0.38584 0.3825
"1964" 1964 0.36668 0.38584 0.3825
"1965" 1965 0.36668 0.38584 0.3825
"1966" 1966 0.36668 0.38584 0.3825
"1967" 1967 0.36668 0.38584 0.3825
"1968" 1968 0.36668 0.38584 0.3825
"1969" 1969 0.36668 0.38584 0.3825
"1970" 1970 0.36668 0.38584 0.3825
"1971" 1971 0.36668 0.38584 0.3825
"1972" 1972 0.36668 0.38584 0.3825
"1973" 1973 0.36668 0.38584 0.3825
"1974" 1974 0.36668 0.38584 0.3825
"1975" 1975 0.36668 0.38584 0.3825
"1976" 1976 0.36668 0.38584 0.3825
"1977" 1977 0.36668 0.38584 0.3825
"1978" 1978 0.36668 0.38584 0.3825
"1979" 1979 0.36668 0.38584 0.3825
"1980" 1980 0.36668 0.38584 0.3825
"1981" 1981 0.36668 0.38584 0.3825
"1982" 1982 0.36668 0.38584 0.3825
"1983" 1983 0.36668 0.38584 0.3825
"1984" 1984 0.36668 0.38584 0.3825
"1985" 1985 0.36668 0.38584 0.3825
"1986" 1986 0.36668 0.38584 0.3825
"1987" 1987 0.36668 0.38584 0.3825
"1988" 1988 0.36668 0.38584 0.3825
"1989" 1989 0.36668 0.38584 0.3825
"1990" 1990 0.36668 0.38584 0.3825
"1991" 1991 0.36668 0.38584 0.3825
"1992" 1992 0.36668 0.38584 0.3825
"1993" 1993 0.36668 0.38584 0.3825
"1994" 1994 0.36668 0.38584 0.3825
"1995" 1995 0.36668 0.38584 0.3825
"1996" 1996 0.36668 0.38584 0.3825
"1997" 1997 0.36668 0.38584 0.3825
"1998" 1998 0.36668 0.38584 0.3825
"1999" 1999 0.36668 0.38584 0.3825
"2000" 2000 0.36668 0.38584 0.3825
