"GA.Poly" "Lin.Reg" "SVM" "RPART" "Rnd.For" "CI.Tree"
"1" 0.777724605165814 0.762401722315205 0.765815352475205 0.82348480959745 0.574735371444605 0.748786968473317
"2" 0.750017816168878 0.757574339786139 0.769068451133058 0.806306189761333 0.558621205790781 0.754301310553693
"3" 0.749405482329473 0.763182225557535 0.771161206734551 0.813821294428808 0.570252142892315 0.751866028216761
"4" 0.79745602412521 0.774024651484171 0.783283298706798 0.838368066654939 0.575918887082063 0.777714357587685
"5" 0.78040685110531 0.762448567167335 0.769723640420716 0.813941301010315 0.556014827771502 0.749859961841313
"6" 0.751830194876963 0.766403884355025 0.774985622326432 0.819107579503417 0.564962563294549 0.738389398516652
"7" 0.753807563173708 0.766143611095092 0.776853007159651 0.806044133297461 0.569995260562163 0.740964331533796
"8" 0.793713064917111 0.780000450128148 0.790006544899165 0.828263654062716 0.578565126571116 0.741879111147663
"9" 0.757056099539315 0.768008923681394 0.776672918250206 0.805674847679062 0.568307372719318 0.752459498952819
"10" 0.747953673091147 0.759492754968873 0.765854271885649 0.801488837813726 0.571444458073932 0.774855048604109
"11" 0.796640485358947 0.794047774099925 0.802694305303686 0.831458010620312 0.584742591325917 0.752783192176055
"12" 0.773334930728652 0.771563092804433 0.780339586801579 0.844258851600756 0.577284165304435 0.776259846726667
"13" 0.766180712668359 0.756709674374501 0.767317864554451 0.820649641402261 0.564501522635735 0.76535864148781
"14" 0.789628596126287 0.769367280577126 0.782454570780954 0.807255571903137 0.560173919623976 0.746073580912182
"15" 0.746530004303529 0.75911119992264 0.769736195680372 0.810942761481868 0.556159236590358 0.722209472280114
"16" 0.757519439159914 0.776798503502549 0.7804558533275 0.819803353121397 0.578707638973513 0.771806395695572
"17" 0.741312687043766 0.756777620283261 0.765438236568144 0.807924360050819 0.561452593277686 0.747500391210649
"18" 0.774454500971198 0.772019593160288 0.781812715002093 0.820806118952595 0.566170198450786 0.748236804322908
"19" 0.759199766222819 0.773692010176551 0.788206389769461 0.813269196709784 0.572884043609962 0.764584696404185
"20" 0.748181027396003 0.758151887721124 0.768129909699234 0.820003263040113 0.562619889420491 0.744979276402666
"21" 0.785311684070595 0.770558480029131 0.782553319088886 0.825095517097335 0.575732856153711 0.752991906687934
"22" 0.756117558257446 0.758696608364814 0.758359659099478 0.820303913814828 0.568804445182704 0.755787762246091
"23" 0.776281903974268 0.776038334678879 0.785688250052231 0.835413541585323 0.581115917208582 0.764629060775729
"24" 0.765102894153897 0.774196150918477 0.782633557955182 0.831655739761026 0.585974323659265 0.790165879802962
"25" 0.757668935764897 0.775257015695963 0.781445019477782 0.82087508566606 0.57421569043268 0.758483685819034
"26" 
"27" 
"28" 
"29" 
"30" 
"31" 
"32" 
"33" 
"34" 
"35" 
"36" 
"37" 
"38" 
"39" 
"40" 
"41" 
"42" 
"43" 
"44" 
"45" 
"46" 
"47" 
"48" 
"49" 
"50" 