id iteration lambda0.7 lambda0.8 lambda0.9 lambda1.0
1 1 0.46847 0.44638 0.46835 0.43965
2 2 0.45648 0.44638 0.46835 0.43965
3 3 0.42898 0.43625 0.4799 0.41855
4 4 0.42898 0.47001 0.44822 0.41855
5 5 0.45989 0.46379 0.42854 0.41855
6 6 0.44719 0.44135 0.42854 0.40481
7 7 0.43333 0.43599 0.42854 0.40481
8 8 0.43333 0.4272 0.42854 0.40481
9 9 0.42955 0.4272 0.40459 0.40481
10 10 0.42777 0.40318 0.40459 0.40481
11 11 0.42777 0.39361 0.40459 0.40481
12 12 0.42759 0.39361 0.40459 0.40481
13 13 0.41948 0.39361 0.40459 0.40319
14 14 0.41948 0.39361 0.40459 0.40319
15 15 0.41426 0.39361 0.39829 0.40319
16 16 0.41426 0.39361 0.39829 0.39231
17 17 0.4133 0.39361 0.39829 0.39231
18 18 0.38378 0.39361 0.39829 0.39231
19 19 0.38378 0.38507 0.39829 0.37818
20 20 0.38179 0.38507 0.39829 0.37818
21 21 0.38179 0.38507 0.39829 0.37818
22 22 0.38156 0.38507 0.39829 0.37818
23 23 0.37145 0.38507 0.39829 0.37818
24 24 0.37145 0.38507 0.39829 0.37818
25 25 0.37145 0.38507 0.39829 0.37818
26 26 0.37145 0.38507 0.39725 0.37818
27 27 0.37145 0.38507 0.38971 0.37818
28 28 0.37145 0.38507 0.38937 0.37818
29 29 0.37089 0.38507 0.38937 0.37818
30 30 0.37089 0.37951 0.38937 0.37818
31 31 0.37089 0.37951 0.38937 0.37818
32 32 0.37089 0.37951 0.38937 0.37818
33 33 0.37089 0.37839 0.3758 0.37818
34 34 0.37089 0.37839 0.3758 0.37633
35 35 0.37089 0.37839 0.3758 0.37633
36 36 0.37089 0.37839 0.3758 0.37633
37 37 0.37089 0.37839 0.3758 0.37633
38 38 0.37089 0.35793 0.3758 0.37633
39 39 0.37089 0.35793 0.3758 0.37633
40 40 0.37089 0.35793 0.3758 0.37633
41 41 0.37089 0.35793 0.3758 0.37633
42 42 0.37089 0.35793 0.3758 0.37633
43 43 0.37089 0.35719 0.3758 0.37633
44 44 0.37089 0.35719 0.3758 0.37633
45 45 0.37089 0.35719 0.3758 0.37633
46 46 0.37089 0.35719 0.3758 0.37633
47 47 0.37089 0.35719 0.36794 0.37633
48 48 0.37089 0.35719 0.36794 0.37633
49 49 0.37089 0.35719 0.36794 0.37633
50 50 0.37089 0.35719 0.36794 0.37633
51 51 0.37089 0.35719 0.36794 0.37633
52 52 0.36952 0.35719 0.36794 0.37633
53 53 0.36952 0.35719 0.36794 0.37633
54 54 0.36952 0.35719 0.36794 0.37633
55 55 0.36952 0.35719 0.36794 0.37633
56 56 0.36952 0.35719 0.36794 0.37633
57 57 0.36952 0.35719 0.36794 0.37633
58 58 0.36952 0.35719 0.36794 0.37633
59 59 0.36952 0.35719 0.36794 0.37633
60 60 0.36952 0.35719 0.36794 0.37633
61 61 0.36952 0.35719 0.36524 0.37633
62 62 0.36952 0.35719 0.36524 0.37633
63 63 0.36952 0.35719 0.36524 0.37633
64 64 0.36952 0.35719 0.36524 0.37633
65 65 0.36952 0.35719 0.36524 0.37633
66 66 0.36952 0.35719 0.36524 0.37633
67 67 0.36952 0.35719 0.36524 0.37633
68 68 0.35641 0.35719 0.36524 0.37633
69 69 0.35641 0.35719 0.36524 0.37633
70 70 0.35641 0.35719 0.36524 0.37633
71 71 0.35641 0.35719 0.36524 0.37633
72 72 0.35641 0.35719 0.36524 0.37633
73 73 0.35641 0.35719 0.36524 0.37633
74 74 0.35641 0.35719 0.36524 0.37633
75 75 0.35641 0.35719 0.36524 0.37633
76 76 0.35641 0.35719 0.36524 0.37633
77 77 0.35641 0.35719 0.36524 0.37633
78 78 0.35641 0.35719 0.36524 0.37633
79 79 0.35641 0.35719 0.36524 0.37633
80 80 0.35641 0.35719 0.36524 0.37633
81 81 0.35641 0.35719 0.36524 0.37633
82 82 0.35641 0.35719 0.36524 0.37633
83 83 0.35641 0.35719 0.36524 0.37633
84 84 0.35641 0.35719 0.36524 0.37633
85 85 0.35641 0.35719 0.36524 0.37633
86 86 0.35641 0.35719 0.36524 0.37633
87 87 0.35641 0.35719 0.36524 0.37633
88 88 0.35641 0.35719 0.36524 0.37633
89 89 0.35641 0.35719 0.36524 0.37633
90 90 0.35641 0.35719 0.36524 0.37633
91 91 0.35641 0.35719 0.36524 0.37633
92 92 0.35641 0.35719 0.36524 0.37633
93 93 0.35641 0.35719 0.36524 0.37633
94 94 0.35641 0.35719 0.36524 0.37633
95 95 0.35641 0.35719 0.36524 0.37633
96 96 0.35641 0.35719 0.36524 0.37633
97 97 0.35641 0.35719 0.36524 0.37633
98 98 0.35641 0.35719 0.36524 0.37633
99 99 0.35641 0.35719 0.36524 0.37633
100 100 0.35641 0.35719 0.36524 0.37633
101 101 0.35641 0.35719 0.36524 0.37633
102 102 0.35641 0.35719 0.36524 0.37633
103 103 0.35641 0.35719 0.36524 0.37633
104 104 0.35641 0.35719 0.36524 0.37633
105 105 0.35641 0.35719 0.36524 0.37633
106 106 0.35641 0.35719 0.36524 0.37633
107 107 0.35641 0.35719 0.36524 0.37633
108 108 0.35641 0.35719 0.36524 0.37633
109 109 0.35641 0.35719 0.36524 0.37633
110 110 0.35641 0.35719 0.36524 0.37633
111 111 0.35641 0.35719 0.36524 0.37633
112 112 0.35641 0.35719 0.36524 0.37633
113 113 0.35641 0.35719 0.36524 0.37633
114 114 0.35641 0.35719 0.36524 0.37633
115 115 0.35641 0.35719 0.36524 0.37633
116 116 0.35641 0.35719 0.36524 0.37633
117 117 0.35641 0.35719 0.36524 0.37633
118 118 0.35641 0.35719 0.36524 0.37633
119 119 0.35641 0.35719 0.36524 0.37633
120 120 0.35641 0.35719 0.36524 0.37633
121 121 0.35641 0.35719 0.36524 0.37633
122 122 0.35641 0.35719 0.36524 0.37633
123 123 0.35641 0.35719 0.36524 0.37633
124 124 0.35641 0.35719 0.36524 0.37633
125 125 0.35323 0.35719 0.36524 0.37633
126 126 0.35323 0.35719 0.36524 0.37633
127 127 0.35323 0.35719 0.36524 0.37633
128 128 0.35323 0.35719 0.36524 0.37633
129 129 0.35323 0.35719 0.36524 0.37633
130 130 0.35323 0.35719 0.36524 0.37633
131 131 0.35323 0.35719 0.36524 0.37633
132 132 0.35323 0.35719 0.36524 0.37633
133 133 0.35323 0.35719 0.36524 0.37633
134 134 0.35323 0.35719 0.36524 0.37633
135 135 0.35323 0.35719 0.36524 0.37633
136 136 0.35323 0.35719 0.36524 0.37633
137 137 0.35323 0.35719 0.36524 0.37633
138 138 0.35323 0.35719 0.36524 0.37633
139 139 0.35323 0.35719 0.36524 0.37633
140 140 0.35323 0.35719 0.36524 0.37633
141 141 0.35323 0.35719 0.36524 0.37633
142 142 0.35323 0.35719 0.36524 0.37633
143 143 0.35323 0.35719 0.36524 0.37633
144 144 0.35323 0.35719 0.36524 0.37633
145 145 0.35323 0.35719 0.36524 0.37633
146 146 0.35323 0.35719 0.36524 0.37633
147 147 0.35323 0.35719 0.36524 0.37633
148 148 0.35323 0.35719 0.36524 0.37633
149 149 0.35323 0.35719 0.36524 0.37633
150 150 0.35323 0.35719 0.36524 0.37633
151 151 0.35323 0.35719 0.36524 0.37633
152 152 0.35323 0.35719 0.36524 0.37633
153 153 0.35323 0.35719 0.36524 0.37633
154 154 0.35323 0.35719 0.36524 0.37633
155 155 0.35323 0.35719 0.36524 0.37633
156 156 0.35323 0.35719 0.36524 0.37633
157 157 0.35289 0.35719 0.36524 0.37633
158 158 0.35289 0.35719 0.36524 0.37633
159 159 0.35289 0.35719 0.36524 0.37633
160 160 0.35289 0.35719 0.35621 0.37633
161 161 0.35289 0.35719 0.35621 0.37633
162 162 0.35289 0.35719 0.35621 0.37633
163 163 0.35289 0.35719 0.35621 0.37633
164 164 0.35289 0.35719 0.35621 0.37633
165 165 0.35289 0.35719 0.35621 0.37633
166 166 0.35289 0.35719 0.35621 0.37633
167 167 0.35289 0.35719 0.35621 0.37633
168 168 0.35289 0.35719 0.35621 0.37633
169 169 0.35289 0.35719 0.35621 0.37633
170 170 0.35289 0.35719 0.35621 0.37633
171 171 0.35289 0.35719 0.35621 0.37633
172 172 0.35289 0.35719 0.35621 0.37633
173 173 0.35289 0.35719 0.35621 0.37633
174 174 0.35289 0.35719 0.35621 0.37633
175 175 0.35289 0.35719 0.35621 0.37633
176 176 0.35289 0.35719 0.35621 0.37633
177 177 0.35289 0.35719 0.35621 0.37633
178 178 0.35289 0.35719 0.35621 0.37633
179 179 0.35289 0.3547 0.35621 0.37633
180 180 0.35289 0.3547 0.35621 0.37633
181 181 0.35289 0.3547 0.35621 0.37633
182 182 0.35289 0.3547 0.35621 0.37633
183 183 0.35289 0.3547 0.35621 0.37633
184 184 0.35289 0.3547 0.35621 0.37633
185 185 0.35289 0.3547 0.35621 0.37633
186 186 0.35289 0.3547 0.35621 0.37633
187 187 0.35289 0.3547 0.35621 0.37633
188 188 0.35289 0.3547 0.35621 0.37633
189 189 0.35289 0.3547 0.35621 0.37633
190 190 0.35289 0.3547 0.35621 0.37633
191 191 0.35289 0.3547 0.35621 0.37633
192 192 0.35289 0.3547 0.35621 0.37633
193 193 0.35289 0.3547 0.35621 0.37633
194 194 0.35289 0.3547 0.35621 0.37633
195 195 0.35289 0.3547 0.35621 0.37633
196 196 0.35289 0.3547 0.35621 0.37633
197 197 0.35289 0.3547 0.35621 0.37633
198 198 0.35289 0.3547 0.35621 0.37633
199 199 0.35289 0.3547 0.35621 0.37633
200 200 0.35289 0.3547 0.35621 0.37633
201 201 0.35289 0.3547 0.35621 0.37633
202 202 0.35289 0.3547 0.35621 0.37633
203 203 0.35289 0.3547 0.35621 0.37633
204 204 0.35289 0.3547 0.35621 0.37633
205 205 0.35289 0.3547 0.35621 0.37633
206 206 0.35289 0.3547 0.35621 0.37633
207 207 0.35289 0.3547 0.35621 0.37633
208 208 0.35289 0.3547 0.35621 0.37633
209 209 0.35289 0.3547 0.35621 0.37633
210 210 0.35289 0.3547 0.35621 0.37633
211 211 0.35289 0.3547 0.35621 0.37633
212 212 0.35289 0.3547 0.35621 0.37633
213 213 0.35289 0.3547 0.35621 0.37633
214 214 0.35289 0.3547 0.35621 0.37633
215 215 0.35289 0.3547 0.35621 0.37633
216 216 0.35289 0.3547 0.35621 0.37633
217 217 0.35289 0.3547 0.35621 0.37633
218 218 0.35289 0.3547 0.35621 0.37633
219 219 0.35289 0.3547 0.35621 0.37633
220 220 0.35289 0.3547 0.35621 0.37633
221 221 0.35289 0.3547 0.35621 0.37633
222 222 0.35289 0.3547 0.35621 0.37633
223 223 0.35289 0.3547 0.35621 0.37633
224 224 0.35289 0.3547 0.35621 0.37633
225 225 0.35289 0.3547 0.35621 0.37633
226 226 0.35289 0.3547 0.35621 0.37633
227 227 0.35289 0.3547 0.35621 0.37633
228 228 0.35289 0.3547 0.35621 0.37633
229 229 0.35289 0.3547 0.35621 0.37633
230 230 0.35289 0.3547 0.35621 0.37633
231 231 0.35289 0.3547 0.35621 0.37633
232 232 0.35289 0.3547 0.35621 0.37633
233 233 0.35289 0.3547 0.35621 0.37633
234 234 0.35289 0.3547 0.35621 0.37633
235 235 0.35289 0.3547 0.35621 0.37633
236 236 0.35289 0.35287 0.35621 0.37633
237 237 0.35289 0.35287 0.35621 0.37633
238 238 0.35289 0.35287 0.35621 0.37633
239 239 0.35289 0.35287 0.35621 0.37633
240 240 0.35289 0.35287 0.35621 0.37633
241 241 0.35289 0.35287 0.35621 0.37633
242 242 0.35289 0.35287 0.35621 0.37525
243 243 0.35289 0.35287 0.35621 0.37525
244 244 0.35289 0.35287 0.35621 0.37525
245 245 0.35289 0.35287 0.35621 0.37525
246 246 0.35289 0.35287 0.35621 0.37525
247 247 0.35289 0.35287 0.35621 0.37525
248 248 0.35289 0.35287 0.35621 0.37525
249 249 0.35289 0.35287 0.35621 0.37525
250 250 0.35289 0.35287 0.35621 0.37525
251 251 0.35289 0.35287 0.35621 0.37525
252 252 0.35289 0.35287 0.35621 0.37525
253 253 0.35289 0.35287 0.35621 0.37525
254 254 0.35289 0.35287 0.35621 0.37525
255 255 0.35289 0.35287 0.35621 0.37525
256 256 0.35289 0.35287 0.35621 0.37525
257 257 0.35289 0.35287 0.35621 0.37525
258 258 0.35289 0.35287 0.35621 0.37525
259 259 0.35289 0.35287 0.35621 0.37525
260 260 0.35289 0.35287 0.35621 0.37525
261 261 0.35289 0.35287 0.35621 0.37525
262 262 0.35289 0.35287 0.35621 0.37525
263 263 0.35289 0.35287 0.35621 0.37525
264 264 0.35289 0.35287 0.35562 0.37525
265 265 0.35289 0.35287 0.35562 0.37525
266 266 0.35289 0.35287 0.35562 0.37525
267 267 0.35289 0.35287 0.35562 0.37525
268 268 0.35289 0.35287 0.35562 0.37525
269 269 0.35289 0.35287 0.35562 0.37525
270 270 0.35289 0.35287 0.35562 0.37525
271 271 0.35289 0.35287 0.35562 0.37525
272 272 0.35289 0.35287 0.35562 0.37525
273 273 0.35289 0.35287 0.35562 0.37525
274 274 0.35289 0.35287 0.35562 0.37501
275 275 0.35289 0.35287 0.35562 0.37501
276 276 0.35289 0.35287 0.35562 0.37501
277 277 0.35289 0.35287 0.35562 0.37501
278 278 0.35289 0.35287 0.35562 0.37501
279 279 0.35289 0.35287 0.35562 0.37501
280 280 0.35289 0.35287 0.35562 0.37497
281 281 0.35289 0.35287 0.35562 0.37497
282 282 0.35289 0.35287 0.35562 0.37497
283 283 0.35289 0.35287 0.35562 0.37479
284 284 0.35289 0.35287 0.35562 0.37479
285 285 0.35289 0.35287 0.35562 0.37479
286 286 0.35289 0.35287 0.35562 0.37479
287 287 0.35289 0.35287 0.35562 0.37479
288 288 0.35289 0.35287 0.35562 0.37479
289 289 0.35289 0.35287 0.35562 0.37479
290 290 0.35289 0.35287 0.35562 0.37479
291 291 0.35289 0.35287 0.35562 0.37479
292 292 0.35289 0.35287 0.35562 0.37479
293 293 0.35289 0.35287 0.35562 0.37479
294 294 0.35289 0.35287 0.35562 0.37472
295 295 0.35289 0.35287 0.35562 0.37472
296 296 0.35289 0.35287 0.35562 0.37472
297 297 0.35289 0.35287 0.35562 0.37472
298 298 0.35289 0.35287 0.35562 0.37472
299 299 0.35289 0.35287 0.35562 0.36847
300 300 0.35289 0.35287 0.35562 0.36847
301 301 0.35289 0.35287 0.35562 0.36847
302 302 0.35289 0.35287 0.35562 0.36847
303 303 0.35289 0.35287 0.35562 0.36847
304 304 0.35289 0.35287 0.35562 0.36847
305 305 0.35289 0.35287 0.35562 0.36847
306 306 0.35289 0.35287 0.35562 0.36847
307 307 0.35289 0.35287 0.35562 0.36847
308 308 0.35289 0.35287 0.35562 0.36847
309 309 0.35289 0.35287 0.35562 0.36847
310 310 0.35289 0.35287 0.35562 0.36847
311 311 0.35289 0.35287 0.35562 0.36847
312 312 0.35289 0.35287 0.35562 0.36847
313 313 0.35289 0.35287 0.35562 0.36847
314 314 0.35289 0.35287 0.35562 0.36847
315 315 0.35289 0.35287 0.35562 0.36847
316 316 0.35289 0.35287 0.35562 0.36847
317 317 0.35289 0.35287 0.35562 0.36847
318 318 0.35289 0.35287 0.35562 0.36847
319 319 0.35289 0.35287 0.35562 0.36847
320 320 0.35289 0.35287 0.35562 0.36847
321 321 0.35289 0.35287 0.35562 0.36847
322 322 0.35289 0.35287 0.35562 0.36847
323 323 0.35289 0.35287 0.35562 0.36847
324 324 0.35289 0.35287 0.35562 0.36847
325 325 0.35289 0.35287 0.35562 0.36847
326 326 0.35289 0.35287 0.35562 0.36847
327 327 0.35289 0.35287 0.35562 0.36847
328 328 0.35289 0.35287 0.35562 0.36847
329 329 0.35289 0.35287 0.35562 0.36847
330 330 0.35289 0.35287 0.35562 0.3568
331 331 0.35289 0.35287 0.35562 0.3568
332 332 0.35289 0.35287 0.35562 0.3568
333 333 0.35289 0.35287 0.35562 0.3568
334 334 0.35289 0.35287 0.35562 0.3568
335 335 0.35289 0.35287 0.35562 0.3568
336 336 0.35289 0.35287 0.35562 0.3568
337 337 0.35289 0.35287 0.35562 0.3568
338 338 0.35289 0.35287 0.35562 0.3568
339 339 0.35289 0.35287 0.35562 0.3568
340 340 0.35289 0.35287 0.35562 0.3568
341 341 0.35289 0.35287 0.35562 0.3568
342 342 0.35289 0.35287 0.35562 0.3568
343 343 0.35289 0.35287 0.35562 0.3568
344 344 0.35289 0.35287 0.35562 0.3568
345 345 0.35289 0.35287 0.35562 0.3568
346 346 0.35289 0.35287 0.35562 0.3568
347 347 0.35289 0.35287 0.35562 0.3568
348 348 0.35289 0.35287 0.35562 0.3568
349 349 0.35289 0.35287 0.35562 0.3568
350 350 0.35289 0.35287 0.35562 0.3568
351 351 0.35289 0.35287 0.35562 0.3568
352 352 0.35289 0.35287 0.35562 0.3568
353 353 0.35289 0.35287 0.35562 0.3568
354 354 0.35289 0.35287 0.35562 0.3568
355 355 0.35289 0.35287 0.35562 0.3568
356 356 0.35289 0.35287 0.35562 0.3568
357 357 0.35289 0.35287 0.35562 0.3568
358 358 0.35289 0.35287 0.35562 0.3568
359 359 0.35289 0.35287 0.35562 0.3568
360 360 0.35289 0.35287 0.35562 0.3568
361 361 0.35289 0.35287 0.35562 0.3568
362 362 0.35289 0.35287 0.35562 0.3568
363 363 0.35289 0.35287 0.35562 0.3568
364 364 0.35289 0.35287 0.35562 0.3568
365 365 0.35289 0.35287 0.35562 0.3568
366 366 0.35289 0.35287 0.35562 0.3568
367 367 0.35289 0.35287 0.35562 0.3568
368 368 0.35289 0.35287 0.35562 0.3568
369 369 0.35289 0.35287 0.35562 0.3568
370 370 0.35289 0.35287 0.35562 0.3568
371 371 0.35289 0.35287 0.35562 0.3568
372 372 0.35289 0.35287 0.35562 0.3568
373 373 0.35289 0.35287 0.35562 0.3568
374 374 0.35289 0.35287 0.35562 0.3568
375 375 0.35289 0.34953 0.35562 0.3568
376 376 0.35289 0.34953 0.35562 0.3568
377 377 0.35289 0.34953 0.35562 0.3568
378 378 0.35289 0.34953 0.35562 0.3568
379 379 0.35289 0.34953 0.35562 0.3568
380 380 0.35289 0.34953 0.35562 0.3568
381 381 0.35289 0.34953 0.35562 0.3568
382 382 0.35289 0.34953 0.35562 0.3568
383 383 0.35289 0.34953 0.35562 0.3568
384 384 0.35289 0.34953 0.35562 0.3568
385 385 0.35289 0.34953 0.35562 0.3568
386 386 0.35289 0.34953 0.35562 0.3568
387 387 0.35289 0.34953 0.35562 0.3568
388 388 0.35289 0.34953 0.35562 0.3568
389 389 0.35289 0.34953 0.35562 0.3568
390 390 0.35289 0.34953 0.35562 0.3568
391 391 0.35289 0.34953 0.35562 0.3568
392 392 0.35289 0.34953 0.35562 0.3568
393 393 0.35289 0.34953 0.35562 0.3568
394 394 0.35289 0.34953 0.35562 0.3568
395 395 0.35289 0.34953 0.35562 0.3568
396 396 0.35289 0.34953 0.35562 0.3568
397 397 0.35289 0.34953 0.35562 0.3568
398 398 0.35289 0.34953 0.35562 0.3568
399 399 0.35289 0.34953 0.35562 0.3568
400 400 0.35289 0.34953 0.35562 0.3568
401 401 0.35289 0.34953 0.35562 0.3568
402 402 0.35289 0.34953 0.35562 0.3568
403 403 0.35289 0.34953 0.35562 0.3568
404 404 0.35289 0.34953 0.35562 0.3568
405 405 0.35289 0.34953 0.35562 0.3568
406 406 0.35289 0.34953 0.35562 0.3568
407 407 0.35289 0.34953 0.35562 0.3568
408 408 0.35289 0.34953 0.35562 0.3568
409 409 0.35289 0.34953 0.35562 0.3568
410 410 0.35289 0.34953 0.35562 0.3568
411 411 0.35289 0.34953 0.35562 0.3568
412 412 0.35289 0.34953 0.35562 0.3568
413 413 0.35289 0.34953 0.35562 0.3568
414 414 0.35289 0.34953 0.35562 0.3568
415 415 0.35289 0.34953 0.35562 0.3568
416 416 0.35289 0.34953 0.35562 0.3568
417 417 0.35289 0.34953 0.35562 0.3568
418 418 0.35289 0.34953 0.35562 0.3568
419 419 0.35289 0.34953 0.35562 0.3568
420 420 0.35289 0.34953 0.35562 0.3568
421 421 0.35289 0.34953 0.35562 0.3568
422 422 0.35289 0.34953 0.35562 0.3568
423 423 0.35289 0.34953 0.35562 0.3568
424 424 0.35289 0.34953 0.35562 0.3568
425 425 0.35289 0.34953 0.35562 0.3568
426 426 0.35289 0.34953 0.35562 0.3568
427 427 0.35289 0.34953 0.35562 0.3568
428 428 0.35289 0.34953 0.35562 0.3568
429 429 0.35289 0.34953 0.35562 0.3568
430 430 0.35289 0.34953 0.35562 0.3568
431 431 0.35289 0.34953 0.35562 0.3568
432 432 0.35289 0.34953 0.35562 0.3568
433 433 0.35289 0.34953 0.35562 0.3568
434 434 0.35289 0.34953 0.35562 0.3568
435 435 0.35289 0.34953 0.35562 0.3568
436 436 0.35289 0.34953 0.35562 0.3568
437 437 0.35289 0.34953 0.35562 0.3568
438 438 0.35289 0.34953 0.35562 0.3568
439 439 0.35289 0.34953 0.35562 0.3568
440 440 0.35289 0.34953 0.35562 0.3568
441 441 0.35289 0.34953 0.35562 0.3568
442 442 0.35289 0.34953 0.35562 0.3568
443 443 0.35289 0.34953 0.35562 0.3568
444 444 0.35289 0.34953 0.35562 0.3568
445 445 0.35289 0.34953 0.35562 0.3568
446 446 0.35289 0.34953 0.35562 0.3568
447 447 0.35289 0.34953 0.35562 0.3568
448 448 0.35289 0.34953 0.35562 0.3568
449 449 0.35289 0.34953 0.35562 0.3568
450 450 0.35289 0.34953 0.35562 0.3568
451 451 0.35289 0.34953 0.35562 0.3568
452 452 0.35289 0.34953 0.35562 0.3568
453 453 0.35289 0.34953 0.35562 0.3568
454 454 0.35289 0.34953 0.35562 0.3568
455 455 0.35289 0.34953 0.35562 0.3568
456 456 0.35289 0.34953 0.35562 0.3568
457 457 0.35289 0.34953 0.35562 0.3568
458 458 0.35289 0.34953 0.35562 0.3568
459 459 0.35289 0.34953 0.35562 0.3568
460 460 0.35289 0.34953 0.35562 0.3568
461 461 0.35289 0.34953 0.35562 0.3568
462 462 0.35289 0.34953 0.35562 0.3568
463 463 0.35289 0.34953 0.35562 0.3568
464 464 0.35289 0.34953 0.35562 0.3568
465 465 0.35289 0.34953 0.35562 0.3568
466 466 0.35289 0.34953 0.35562 0.3568
467 467 0.35289 0.34953 0.35562 0.3568
468 468 0.35289 0.34953 0.35562 0.3568
469 469 0.35289 0.34953 0.35562 0.3568
470 470 0.35289 0.34953 0.35562 0.3568
471 471 0.35289 0.34953 0.35562 0.3568
472 472 0.35289 0.34953 0.35562 0.3568
473 473 0.35289 0.34953 0.35562 0.3568
474 474 0.35289 0.34953 0.35562 0.3568
475 475 0.35289 0.34953 0.35562 0.3568
476 476 0.35289 0.34953 0.35562 0.3568
477 477 0.35289 0.34953 0.35562 0.3568
478 478 0.35289 0.34953 0.35562 0.3568
479 479 0.35289 0.34953 0.35562 0.3568
480 480 0.35289 0.34953 0.35562 0.3568
481 481 0.35289 0.34953 0.35562 0.3568
482 482 0.35284 0.34953 0.35562 0.3568
483 483 0.35284 0.34953 0.35562 0.3568
484 484 0.35284 0.34953 0.35562 0.3568
485 485 0.35284 0.34953 0.35562 0.3568
486 486 0.35284 0.34953 0.35562 0.3568
487 487 0.35284 0.34953 0.35562 0.3568
488 488 0.35284 0.34953 0.35562 0.3568
489 489 0.35284 0.34953 0.35562 0.3568
490 490 0.35284 0.34953 0.35562 0.3568
491 491 0.35284 0.34953 0.35562 0.3568
492 492 0.35284 0.34953 0.35562 0.3568
493 493 0.35284 0.34953 0.35562 0.3568
494 494 0.35284 0.34953 0.35562 0.3568
495 495 0.35284 0.34953 0.35562 0.3568
496 496 0.35284 0.34953 0.35562 0.3568
497 497 0.35284 0.34953 0.35562 0.3568
498 498 0.35284 0.34953 0.35562 0.3568
499 499 0.35284 0.34953 0.35562 0.3568
500 500 0.35284 0.34953 0.35562 0.3568
501 501 0.35284 0.34953 0.35562 0.3568
502 502 0.35284 0.34953 0.35562 0.3568
503 503 0.35284 0.34953 0.35562 0.3568
504 504 0.35284 0.34953 0.35562 0.3568
505 505 0.35284 0.34953 0.35562 0.3568
506 506 0.35284 0.34953 0.35562 0.3568
507 507 0.35284 0.34953 0.35562 0.3568
508 508 0.35284 0.34953 0.35562 0.3568
509 509 0.35284 0.34953 0.35562 0.3568
510 510 0.35284 0.34953 0.35562 0.3568
511 511 0.35284 0.34953 0.35562 0.3568
512 512 0.35284 0.34953 0.35562 0.3568
513 513 0.35205 0.34953 0.35562 0.3568
514 514 0.35205 0.34953 0.35562 0.3568
515 515 0.35205 0.34953 0.35562 0.3568
516 516 0.35205 0.34953 0.35562 0.3568
517 517 0.35205 0.34953 0.35562 0.3568
518 518 0.35205 0.34953 0.35562 0.35627
519 519 0.35205 0.34953 0.35562 0.35627
520 520 0.35205 0.34953 0.35562 0.35627
521 521 0.35205 0.34953 0.35562 0.35627
522 522 0.35205 0.34953 0.35562 0.35627
523 523 0.35205 0.34953 0.35562 0.35627
524 524 0.35205 0.34953 0.35562 0.35627
525 525 0.35205 0.34953 0.35562 0.35627
526 526 0.35205 0.34953 0.35562 0.35627
527 527 0.35205 0.34953 0.35562 0.35627
528 528 0.35205 0.34953 0.35562 0.35627
529 529 0.35205 0.34953 0.35562 0.35627
530 530 0.35205 0.34953 0.35562 0.35627
531 531 0.35205 0.34953 0.35562 0.35627
532 532 0.35205 0.34953 0.35562 0.35627
533 533 0.35205 0.34953 0.35562 0.35627
534 534 0.35205 0.34953 0.35562 0.35627
535 535 0.35205 0.34953 0.35562 0.35627
536 536 0.35205 0.34953 0.35562 0.35627
537 537 0.35205 0.34953 0.35562 0.35627
538 538 0.35205 0.34953 0.35562 0.35627
539 539 0.35205 0.34953 0.35562 0.35386
540 540 0.35205 0.34953 0.35562 0.35386
541 541 0.35185 0.34953 0.35562 0.35386
542 542 0.35185 0.34953 0.35562 0.35386
543 543 0.35185 0.34953 0.35562 0.35386
544 544 0.35185 0.34953 0.35562 0.35386
545 545 0.35185 0.34953 0.35562 0.35386
546 546 0.35185 0.34953 0.35562 0.35386
547 547 0.35185 0.34953 0.35508 0.35386
548 548 0.35185 0.34953 0.35508 0.35386
549 549 0.35185 0.34953 0.35508 0.35386
550 550 0.35185 0.34953 0.35508 0.35386
551 551 0.35185 0.34953 0.35508 0.35386
552 552 0.35185 0.34953 0.35508 0.35386
553 553 0.35185 0.34953 0.35508 0.35386
554 554 0.35185 0.34953 0.35508 0.35386
555 555 0.35185 0.34953 0.35508 0.35386
556 556 0.35185 0.34953 0.35508 0.35386
557 557 0.35185 0.34953 0.35508 0.35386
558 558 0.35185 0.34953 0.35508 0.35386
559 559 0.35185 0.34953 0.35508 0.35386
560 560 0.35185 0.34953 0.35508 0.35386
561 561 0.35185 0.34953 0.35508 0.35386
562 562 0.35185 0.34953 0.35508 0.35386
563 563 0.35185 0.34953 0.35508 0.35386
564 564 0.35185 0.34953 0.35508 0.35386
565 565 0.35185 0.34953 0.35508 0.35386
566 566 0.35185 0.34953 0.35508 0.35386
567 567 0.35185 0.34953 0.35508 0.35386
568 568 0.35185 0.34953 0.35508 0.35386
569 569 0.35185 0.34953 0.35508 0.35386
570 570 0.35185 0.34953 0.35508 0.35386
571 571 0.35185 0.34953 0.35508 0.35386
572 572 0.35185 0.34953 0.35508 0.35386
573 573 0.35185 0.34953 0.35508 0.35386
574 574 0.35185 0.34953 0.35508 0.35386
575 575 0.35185 0.34953 0.35508 0.35386
576 576 0.35185 0.34953 0.35508 0.35386
577 577 0.35185 0.34953 0.35508 0.35386
578 578 0.35185 0.34953 0.35508 0.35386
579 579 0.35185 0.34953 0.35508 0.35386
580 580 0.35185 0.34953 0.35508 0.35386
581 581 0.35185 0.34953 0.35508 0.35386
582 582 0.35185 0.34953 0.35508 0.35386
583 583 0.35185 0.34953 0.35508 0.35386
584 584 0.35185 0.34953 0.35508 0.35386
585 585 0.35185 0.34953 0.35508 0.35386
586 586 0.35185 0.34953 0.35508 0.35386
587 587 0.35185 0.34953 0.35508 0.35386
588 588 0.35185 0.34953 0.35508 0.35386
589 589 0.35185 0.34953 0.35508 0.35386
590 590 0.35185 0.34953 0.35508 0.35386
591 591 0.35185 0.34953 0.35508 0.35386
592 592 0.35185 0.34953 0.35508 0.35386
593 593 0.35185 0.34953 0.35508 0.35386
594 594 0.35185 0.34953 0.35508 0.35386
595 595 0.35185 0.34953 0.35508 0.35386
596 596 0.35185 0.34953 0.35508 0.35386
597 597 0.35185 0.34953 0.35508 0.35386
598 598 0.35185 0.34953 0.35508 0.35386
599 599 0.35185 0.34953 0.35508 0.35386
600 600 0.35185 0.34953 0.35508 0.35386
601 601 0.35185 0.34953 0.35508 0.35386
602 602 0.35185 0.34953 0.35508 0.35386
603 603 0.35185 0.34953 0.35508 0.35386
604 604 0.35185 0.34953 0.35508 0.35386
605 605 0.35185 0.34953 0.35401 0.35386
606 606 0.35185 0.34953 0.35401 0.35386
607 607 0.35185 0.34953 0.35401 0.35386
608 608 0.35185 0.34953 0.35401 0.35386
609 609 0.35185 0.34953 0.35307 0.35386
610 610 0.35185 0.34953 0.35307 0.35386
611 611 0.35185 0.34953 0.35307 0.35386
612 612 0.35185 0.34953 0.35307 0.35386
613 613 0.35185 0.34953 0.35307 0.35386
614 614 0.35185 0.34953 0.35307 0.35386
615 615 0.35185 0.34953 0.35307 0.35386
616 616 0.35185 0.34953 0.35307 0.35386
617 617 0.35185 0.34953 0.35307 0.35386
618 618 0.35185 0.34953 0.35307 0.35386
619 619 0.35185 0.34953 0.35307 0.35386
620 620 0.35185 0.34876 0.35307 0.35386
621 621 0.35185 0.34876 0.35307 0.35386
622 622 0.35185 0.34876 0.35307 0.35386
623 623 0.35185 0.34876 0.35307 0.35386
624 624 0.35185 0.34876 0.35307 0.35386
625 625 0.35185 0.34876 0.35307 0.35386
626 626 0.35185 0.34876 0.35307 0.35386
627 627 0.35185 0.34876 0.35307 0.35386
628 628 0.35185 0.34876 0.35307 0.35386
629 629 0.35185 0.34876 0.35307 0.35386
630 630 0.35185 0.34876 0.35307 0.35386
631 631 0.35185 0.34876 0.35307 0.35386
632 632 0.35185 0.34876 0.35307 0.35386
633 633 0.35185 0.34876 0.35307 0.35386
634 634 0.35185 0.34876 0.35307 0.35386
635 635 0.35185 0.34876 0.35307 0.35386
636 636 0.35185 0.34876 0.35307 0.35386
637 637 0.35185 0.3487 0.35307 0.35386
638 638 0.35185 0.3487 0.35307 0.35386
639 639 0.35185 0.3487 0.35307 0.35386
640 640 0.35185 0.3487 0.35307 0.35386
641 641 0.35185 0.3487 0.35307 0.35386
642 642 0.35185 0.3487 0.35307 0.35386
643 643 0.35185 0.3487 0.35307 0.35386
644 644 0.35185 0.3487 0.35307 0.35386
645 645 0.35185 0.3487 0.35307 0.35386
646 646 0.35185 0.3487 0.35307 0.35386
647 647 0.35185 0.3487 0.35307 0.35386
648 648 0.35185 0.3487 0.35307 0.35386
649 649 0.35185 0.3487 0.35307 0.35386
650 650 0.35185 0.3487 0.35261 0.35386
651 651 0.35185 0.3487 0.35261 0.35386
652 652 0.35185 0.3487 0.35261 0.35386
653 653 0.35185 0.3487 0.35261 0.35386
654 654 0.35185 0.3487 0.35261 0.35386
655 655 0.35185 0.3487 0.35261 0.35386
656 656 0.35185 0.3487 0.35261 0.35386
657 657 0.35185 0.3487 0.35261 0.35386
658 658 0.35185 0.3487 0.35261 0.35386
659 659 0.35185 0.3487 0.35261 0.35386
660 660 0.35185 0.3487 0.35261 0.35386
661 661 0.35185 0.3487 0.35261 0.35386
662 662 0.35185 0.3487 0.35261 0.35386
663 663 0.35185 0.3487 0.35261 0.35386
664 664 0.35185 0.3487 0.35261 0.35386
665 665 0.35185 0.3487 0.35261 0.35386
666 666 0.35185 0.3487 0.35261 0.35386
667 667 0.35185 0.3487 0.35261 0.35386
668 668 0.35185 0.3487 0.35261 0.35386
669 669 0.35185 0.3487 0.35261 0.35386
670 670 0.35185 0.3487 0.35261 0.35386
671 671 0.35185 0.3487 0.35261 0.35386
672 672 0.35185 0.3487 0.35261 0.35386
673 673 0.35185 0.3487 0.35261 0.35386
674 674 0.35185 0.3487 0.35261 0.35386
675 675 0.35185 0.3487 0.35261 0.35386
676 676 0.35185 0.3487 0.35261 0.35386
677 677 0.35185 0.3487 0.35261 0.35386
678 678 0.35185 0.3487 0.35261 0.35386
679 679 0.35185 0.3487 0.35261 0.35386
680 680 0.35185 0.3487 0.35261 0.35386
681 681 0.35185 0.3487 0.35261 0.35386
682 682 0.35185 0.3487 0.35261 0.35386
683 683 0.35185 0.3487 0.35261 0.35386
684 684 0.35185 0.3487 0.35261 0.35386
685 685 0.35185 0.3487 0.35261 0.35386
686 686 0.35185 0.3487 0.35261 0.35386
687 687 0.35185 0.3487 0.35261 0.35386
688 688 0.35185 0.3487 0.35261 0.35386
689 689 0.35185 0.3487 0.35261 0.35386
690 690 0.35185 0.3487 0.35261 0.35386
691 691 0.35185 0.3487 0.35261 0.35386
692 692 0.35079 0.3487 0.35261 0.35386
693 693 0.35079 0.3487 0.35261 0.35386
694 694 0.35079 0.3487 0.35261 0.35386
695 695 0.35079 0.3487 0.35261 0.35386
696 696 0.35079 0.3487 0.35261 0.35386
697 697 0.35079 0.3487 0.35261 0.35386
698 698 0.35079 0.3487 0.35261 0.35386
699 699 0.35079 0.3487 0.35261 0.35386
700 700 0.35079 0.3487 0.35261 0.35386
701 701 0.35079 0.3487 0.35164 0.35386
702 702 0.35079 0.3487 0.35164 0.35386
703 703 0.35079 0.3487 0.35164 0.35386
704 704 0.35079 0.3487 0.35164 0.35386
705 705 0.35079 0.3487 0.35164 0.35386
706 706 0.35079 0.3487 0.35164 0.35386
707 707 0.35079 0.3487 0.35164 0.35386
708 708 0.35079 0.3487 0.35164 0.35386
709 709 0.35079 0.3487 0.35164 0.35386
710 710 0.35079 0.3487 0.35164 0.35386
711 711 0.35079 0.3487 0.35164 0.35386
712 712 0.35079 0.3487 0.35164 0.35386
713 713 0.35079 0.3487 0.35164 0.35386
714 714 0.35079 0.3487 0.35164 0.35386
715 715 0.35079 0.3487 0.35164 0.35386
716 716 0.35079 0.3487 0.35164 0.35386
717 717 0.35079 0.3487 0.35164 0.35386
718 718 0.35079 0.3487 0.35164 0.35386
719 719 0.35079 0.3487 0.35164 0.35386
720 720 0.35079 0.3487 0.35164 0.35386
721 721 0.35079 0.3487 0.35164 0.35386
722 722 0.35079 0.3487 0.35164 0.35386
723 723 0.35079 0.3487 0.35164 0.35386
724 724 0.35079 0.3487 0.35164 0.35386
725 725 0.35079 0.3487 0.35164 0.35386
726 726 0.35079 0.3487 0.35164 0.35386
727 727 0.35079 0.3487 0.35164 0.35386
728 728 0.35079 0.3487 0.35164 0.35386
729 729 0.35079 0.3487 0.35164 0.35386
730 730 0.35079 0.3487 0.35164 0.35386
731 731 0.35079 0.3487 0.35164 0.35386
732 732 0.35079 0.3487 0.35164 0.35386
733 733 0.35079 0.3487 0.35164 0.35386
734 734 0.35079 0.3487 0.35164 0.35386
735 735 0.35079 0.3487 0.35164 0.35386
736 736 0.35079 0.3487 0.35164 0.35386
737 737 0.35079 0.3487 0.35164 0.35386
738 738 0.35079 0.3487 0.35164 0.35386
739 739 0.35079 0.3487 0.35164 0.35386
740 740 0.35079 0.3487 0.35164 0.35386
741 741 0.35079 0.3487 0.35164 0.35386
742 742 0.35079 0.3487 0.35164 0.35386
743 743 0.35079 0.3487 0.35164 0.35386
744 744 0.35079 0.3487 0.35164 0.35386
745 745 0.35079 0.3487 0.35164 0.35386
746 746 0.35079 0.3487 0.35164 0.35386
747 747 0.35079 0.3487 0.35164 0.35386
748 748 0.35079 0.3487 0.35164 0.35386
749 749 0.35079 0.3487 0.35164 0.35386
750 750 0.34953 0.3487 0.35164 0.35386
751 751 0.34953 0.3487 0.35164 0.35386
752 752 0.34953 0.3487 0.35164 0.35386
753 753 0.34953 0.3487 0.35164 0.35386
754 754 0.34953 0.3487 0.35164 0.35386
755 755 0.34953 0.3487 0.35164 0.35386
756 756 0.34953 0.3487 0.35164 0.35386
757 757 0.34953 0.3487 0.35164 0.35386
758 758 0.34953 0.3487 0.35164 0.35386
759 759 0.34953 0.3487 0.35164 0.35386
760 760 0.34953 0.3487 0.35164 0.35386
761 761 0.34953 0.3487 0.35164 0.35386
762 762 0.34953 0.3487 0.35164 0.35386
763 763 0.34953 0.3487 0.35164 0.35386
764 764 0.34953 0.3487 0.35164 0.35386
765 765 0.34953 0.3487 0.35164 0.35386
766 766 0.34953 0.3487 0.35164 0.35386
767 767 0.34953 0.3487 0.35164 0.35386
768 768 0.34953 0.3487 0.35164 0.35358
769 769 0.34953 0.3487 0.35164 0.35358
770 770 0.34953 0.3487 0.35164 0.35358
771 771 0.34953 0.3487 0.35164 0.35358
772 772 0.34953 0.3487 0.35164 0.35358
773 773 0.34953 0.3487 0.35164 0.35358
774 774 0.34953 0.3487 0.35164 0.35358
775 775 0.34953 0.3487 0.35164 0.35358
776 776 0.34953 0.3487 0.35164 0.35358
777 777 0.34953 0.3487 0.35164 0.35358
778 778 0.34953 0.3487 0.35164 0.35358
779 779 0.34953 0.3487 0.35164 0.35358
780 780 0.34953 0.3487 0.35164 0.35358
781 781 0.34953 0.3487 0.35164 0.35358
782 782 0.34953 0.3487 0.35164 0.35358
783 783 0.34953 0.3487 0.35164 0.35358
784 784 0.34953 0.3487 0.35164 0.35358
785 785 0.34953 0.3487 0.35164 0.35358
786 786 0.34953 0.3487 0.35164 0.35358
787 787 0.34953 0.3487 0.35164 0.35358
788 788 0.34953 0.3487 0.35164 0.35358
789 789 0.34953 0.3487 0.35164 0.35358
790 790 0.34953 0.3487 0.35164 0.35358
791 791 0.34953 0.3487 0.35164 0.35358
792 792 0.34953 0.3487 0.35164 0.35358
793 793 0.34953 0.3487 0.35164 0.35358
794 794 0.34953 0.3487 0.35164 0.35358
795 795 0.34953 0.3487 0.35164 0.35358
796 796 0.34953 0.3487 0.35164 0.35358
797 797 0.34953 0.3487 0.35164 0.35358
798 798 0.34953 0.3487 0.35164 0.35358
799 799 0.34953 0.3487 0.35164 0.35358
800 800 0.34953 0.3487 0.35164 0.35358
801 801 0.34953 0.3487 0.35164 0.35358
802 802 0.34953 0.3487 0.35164 0.35358
803 803 0.34953 0.3487 0.35164 0.35358
804 804 0.34953 0.3487 0.35164 0.35358
805 805 0.34953 0.3487 0.35164 0.35358
806 806 0.34953 0.3487 0.35164 0.35358
807 807 0.34953 0.3487 0.35164 0.35358
808 808 0.34953 0.3487 0.35164 0.35358
809 809 0.34953 0.3487 0.35164 0.35358
810 810 0.34953 0.3487 0.35001 0.35358
811 811 0.34953 0.3487 0.35001 0.35358
812 812 0.34953 0.3487 0.35001 0.35358
813 813 0.34953 0.3487 0.35001 0.35358
814 814 0.34953 0.3487 0.35001 0.35358
815 815 0.34953 0.3487 0.35001 0.35358
816 816 0.34953 0.3487 0.35001 0.35358
817 817 0.34953 0.3487 0.35001 0.35358
818 818 0.34953 0.3487 0.35001 0.35358
819 819 0.34953 0.3487 0.35001 0.35358
820 820 0.34953 0.3487 0.35001 0.35358
821 821 0.34953 0.3487 0.35001 0.35358
822 822 0.34953 0.3487 0.35001 0.35358
823 823 0.34953 0.3487 0.35001 0.35358
824 824 0.34953 0.3487 0.35001 0.35358
825 825 0.34953 0.3487 0.35001 0.35358
826 826 0.34953 0.3487 0.35001 0.35358
827 827 0.34953 0.3487 0.35001 0.35358
828 828 0.34953 0.3487 0.35001 0.35358
829 829 0.34953 0.3487 0.35001 0.35358
830 830 0.34953 0.3487 0.35001 0.35358
831 831 0.34953 0.3487 0.35001 0.35358
832 832 0.34953 0.3487 0.35001 0.35358
833 833 0.34953 0.3487 0.35001 0.35358
834 834 0.34953 0.3487 0.35001 0.35358
835 835 0.34953 0.3487 0.35001 0.35358
836 836 0.34953 0.3487 0.35001 0.35358
837 837 0.34953 0.3487 0.35001 0.35358
838 838 0.34953 0.3487 0.35001 0.35358
839 839 0.34953 0.3487 0.35001 0.35358
840 840 0.34953 0.3487 0.35001 0.35358
841 841 0.34953 0.3487 0.35001 0.35358
842 842 0.34953 0.3487 0.35001 0.35358
843 843 0.34953 0.3487 0.35001 0.35358
844 844 0.34953 0.3487 0.35001 0.35358
845 845 0.34953 0.3487 0.35001 0.35358
846 846 0.34953 0.3487 0.35001 0.35358
847 847 0.34953 0.3487 0.35001 0.35358
848 848 0.34953 0.3487 0.35001 0.35358
849 849 0.34953 0.3487 0.35001 0.35358
850 850 0.34953 0.3487 0.35001 0.35296
851 851 0.34953 0.3487 0.35001 0.35296
852 852 0.34953 0.3487 0.35001 0.35296
853 853 0.34953 0.3487 0.35001 0.35296
854 854 0.34953 0.3487 0.35001 0.35296
855 855 0.34953 0.3487 0.35001 0.35296
856 856 0.34953 0.3487 0.35001 0.35296
857 857 0.34953 0.3487 0.35001 0.35296
858 858 0.34953 0.3487 0.35001 0.35296
859 859 0.34953 0.3487 0.35001 0.35296
860 860 0.34953 0.3487 0.35001 0.35296
861 861 0.34953 0.3487 0.35001 0.35296
862 862 0.34953 0.3487 0.35001 0.35296
863 863 0.34953 0.3487 0.35001 0.35296
864 864 0.34953 0.3487 0.35001 0.35296
865 865 0.34953 0.3487 0.35001 0.35296
866 866 0.34953 0.3487 0.35001 0.35296
867 867 0.34953 0.3487 0.35001 0.35296
868 868 0.34953 0.3487 0.35001 0.35296
869 869 0.34953 0.3487 0.35001 0.35296
870 870 0.34953 0.3487 0.35001 0.35296
871 871 0.34953 0.3487 0.35001 0.35296
872 872 0.34953 0.3487 0.35001 0.35296
873 873 0.34953 0.3487 0.35001 0.35296
874 874 0.34953 0.3487 0.35001 0.35296
875 875 0.34953 0.3487 0.35001 0.35296
876 876 0.34953 0.3487 0.35001 0.35296
877 877 0.34953 0.3487 0.35001 0.35296
878 878 0.34953 0.3487 0.35001 0.35296
879 879 0.34953 0.3487 0.35001 0.35296
880 880 0.34953 0.3487 0.35001 0.35296
881 881 0.34953 0.3487 0.35001 0.35296
882 882 0.34953 0.3487 0.35001 0.35296
883 883 0.34953 0.3487 0.35001 0.35296
884 884 0.34953 0.3487 0.35001 0.35296
885 885 0.34953 0.3487 0.35001 0.35296
886 886 0.34953 0.3487 0.35001 0.35296
887 887 0.34953 0.3487 0.35001 0.35296
888 888 0.34953 0.3487 0.35001 0.35296
889 889 0.34953 0.3487 0.35001 0.35296
890 890 0.34953 0.3487 0.35001 0.35296
891 891 0.34953 0.3487 0.35001 0.35296
892 892 0.34953 0.3487 0.35001 0.35296
893 893 0.34953 0.3487 0.35001 0.35296
894 894 0.34953 0.3487 0.35001 0.35296
895 895 0.34953 0.3487 0.35001 0.35296
896 896 0.34953 0.3487 0.35001 0.35296
897 897 0.34953 0.3487 0.35001 0.35296
898 898 0.34953 0.3487 0.35001 0.35296
899 899 0.34953 0.3487 0.35001 0.35296
900 900 0.34953 0.3487 0.35001 0.35296
901 901 0.34953 0.3487 0.35001 0.35296
902 902 0.34953 0.3487 0.35001 0.35296
903 903 0.34953 0.3487 0.35001 0.35296
904 904 0.34953 0.3487 0.35001 0.35296
905 905 0.34953 0.3487 0.35001 0.35296
906 906 0.34953 0.3487 0.35001 0.35296
907 907 0.34953 0.3487 0.35001 0.35296
908 908 0.34953 0.3487 0.35 0.35296
909 909 0.34953 0.3487 0.35 0.35296
910 910 0.34953 0.3487 0.35 0.35296
911 911 0.34953 0.3487 0.35 0.35296
912 912 0.34953 0.3487 0.35 0.35296
913 913 0.34953 0.3487 0.35 0.35296
914 914 0.34953 0.3487 0.35 0.35296
915 915 0.34953 0.3487 0.35 0.35296
916 916 0.34953 0.3487 0.35 0.35296
917 917 0.34953 0.3487 0.35 0.35296
918 918 0.34953 0.3487 0.35 0.35296
919 919 0.34953 0.3487 0.35 0.35296
920 920 0.34953 0.3487 0.35 0.35296
921 921 0.34953 0.3487 0.35 0.35296
922 922 0.34953 0.3487 0.35 0.35296
923 923 0.34953 0.3487 0.35 0.35296
924 924 0.34953 0.3487 0.35 0.35296
925 925 0.34953 0.3487 0.35 0.35296
926 926 0.34953 0.3487 0.35 0.35296
927 927 0.34953 0.3487 0.35 0.35296
928 928 0.34953 0.3487 0.35 0.35296
929 929 0.34953 0.3487 0.35 0.35296
930 930 0.34953 0.3487 0.35 0.35296
931 931 0.34953 0.3487 0.35 0.35296
932 932 0.34953 0.3487 0.35 0.35296
933 933 0.34953 0.3487 0.35 0.35296
934 934 0.34953 0.3487 0.35 0.35296
935 935 0.34953 0.3487 0.35 0.35296
936 936 0.34953 0.3487 0.35 0.35296
937 937 0.34953 0.3487 0.35 0.35296
938 938 0.34953 0.3487 0.35 0.35296
939 939 0.34953 0.3487 0.35 0.35296
940 940 0.34953 0.3487 0.35 0.35296
941 941 0.34953 0.3487 0.35 0.35296
942 942 0.34953 0.3487 0.34972 0.35296
943 943 0.34953 0.3487 0.34972 0.35296
944 944 0.34953 0.3487 0.34972 0.35296
945 945 0.34953 0.3487 0.34972 0.35296
946 946 0.34953 0.3487 0.34972 0.35296
947 947 0.34953 0.3487 0.34972 0.35296
948 948 0.34953 0.3487 0.34972 0.35296
949 949 0.34953 0.3487 0.34972 0.35296
950 950 0.34953 0.3487 0.34972 0.35296
951 951 0.34953 0.34564 0.34972 0.35296
952 952 0.34953 0.34564 0.34972 0.35296
953 953 0.34953 0.34564 0.34972 0.35296
954 954 0.34953 0.34564 0.34972 0.35296
955 955 0.34953 0.34564 0.34972 0.35296
956 956 0.34953 0.34564 0.34972 0.35296
957 957 0.34953 0.34564 0.34972 0.35296
958 958 0.34953 0.34564 0.3497 0.35296
959 959 0.34953 0.34564 0.3497 0.35296
960 960 0.34953 0.34564 0.3497 0.35296
961 961 0.34953 0.34564 0.3497 0.35296
962 962 0.34953 0.34564 0.3497 0.35296
963 963 0.34953 0.34564 0.3497 0.35296
964 964 0.34953 0.34564 0.3497 0.35296
965 965 0.34953 0.34564 0.3497 0.35296
966 966 0.34953 0.34564 0.3497 0.35296
967 967 0.34953 0.34564 0.3497 0.35296
968 968 0.34953 0.34564 0.3497 0.35296
969 969 0.34953 0.34564 0.3497 0.35296
970 970 0.34953 0.34564 0.3497 0.35296
971 971 0.34953 0.34564 0.3497 0.35296
972 972 0.34953 0.34564 0.3497 0.35296
973 973 0.34953 0.34564 0.3497 0.35296
974 974 0.34953 0.34564 0.3497 0.35296
975 975 0.34953 0.34564 0.3497 0.35296
976 976 0.34953 0.34564 0.3497 0.35296
977 977 0.34953 0.34564 0.3497 0.35296
978 978 0.34953 0.34564 0.3497 0.35296
979 979 0.34953 0.34564 0.3497 0.35296
980 980 0.34953 0.34564 0.3497 0.35296
981 981 0.34953 0.34564 0.3497 0.35296
982 982 0.34953 0.34564 0.3497 0.35296
983 983 0.34953 0.34564 0.3497 0.35296
984 984 0.34953 0.34564 0.3497 0.35296
985 985 0.34953 0.34564 0.3497 0.35296
986 986 0.34953 0.34564 0.3497 0.35296
987 987 0.34953 0.34564 0.3497 0.35296
988 988 0.34953 0.34564 0.3497 0.35296
989 989 0.34953 0.34564 0.3497 0.35296
990 990 0.34953 0.34564 0.3497 0.35296
991 991 0.34953 0.34564 0.3497 0.35296
992 992 0.34953 0.34564 0.3497 0.35296
993 993 0.34953 0.34564 0.3497 0.35296
994 994 0.34953 0.34564 0.3497 0.35296
995 995 0.34953 0.34564 0.34898 0.35296
996 996 0.34953 0.34564 0.34898 0.35296
997 997 0.34953 0.34564 0.34898 0.35296
998 998 0.34953 0.34564 0.34898 0.35296
999 999 0.34953 0.34564 0.34898 0.35296
1000 1000 0.34953 0.34564 0.34898 0.35296
1001 1001 0.34953 0.34564 0.34898 0.3523
1002 1002 0.34953 0.34564 0.34898 0.3523
1003 1003 0.34953 0.34564 0.34898 0.3523
1004 1004 0.34953 0.34564 0.34898 0.3523
1005 1005 0.34953 0.34564 0.34898 0.3523
1006 1006 0.34953 0.34564 0.34898 0.3523
1007 1007 0.34953 0.34564 0.34898 0.3523
1008 1008 0.34953 0.34564 0.34898 0.3523
1009 1009 0.34953 0.34564 0.34898 0.3523
1010 1010 0.34953 0.34564 0.34898 0.3523
1011 1011 0.34953 0.34564 0.34898 0.3523
1012 1012 0.34953 0.34564 0.34898 0.3523
1013 1013 0.34953 0.34564 0.34898 0.3523
1014 1014 0.34953 0.34564 0.34898 0.3523
1015 1015 0.34953 0.34564 0.34898 0.3523
1016 1016 0.34953 0.34564 0.34898 0.3523
1017 1017 0.34953 0.34564 0.34898 0.3523
1018 1018 0.34953 0.34564 0.34898 0.3523
1019 1019 0.34953 0.34564 0.34898 0.3523
1020 1020 0.34953 0.34564 0.34898 0.3523
1021 1021 0.34953 0.34564 0.34898 0.3523
1022 1022 0.34953 0.34564 0.34898 0.3523
1023 1023 0.34953 0.34564 0.34898 0.3523
1024 1024 0.34953 0.34564 0.34898 0.3523
1025 1025 0.34953 0.34564 0.34898 0.3523
1026 1026 0.34953 0.34564 0.34898 0.3523
1027 1027 0.34953 0.34564 0.34898 0.3523
1028 1028 0.34953 0.34564 0.34898 0.3523
1029 1029 0.34953 0.34564 0.34898 0.3523
1030 1030 0.34953 0.34564 0.34898 0.3523
1031 1031 0.34953 0.34564 0.34898 0.3523
1032 1032 0.34953 0.34564 0.34898 0.3523
1033 1033 0.34953 0.34564 0.34898 0.3523
1034 1034 0.34953 0.34564 0.34898 0.3523
1035 1035 0.34953 0.34564 0.34898 0.3523
1036 1036 0.34953 0.34564 0.34898 0.3523
1037 1037 0.34953 0.34564 0.34898 0.3523
1038 1038 0.34953 0.34564 0.34898 0.3523
1039 1039 0.34953 0.34564 0.34898 0.3523
1040 1040 0.34953 0.34564 0.34898 0.3523
1041 1041 0.34953 0.34564 0.34898 0.3523
1042 1042 0.34953 0.34564 0.34898 0.3523
1043 1043 0.34953 0.34564 0.34898 0.3523
1044 1044 0.34953 0.34564 0.34898 0.3523
1045 1045 0.34953 0.34564 0.34898 0.3523
1046 1046 0.34953 0.34564 0.34898 0.3523
1047 1047 0.34953 0.34564 0.34898 0.3523
1048 1048 0.34953 0.34564 0.34898 0.3523
1049 1049 0.34953 0.34564 0.34898 0.3523
1050 1050 0.34953 0.34564 0.34898 0.3523
1051 1051 0.34953 0.34564 0.34898 0.3523
1052 1052 0.34953 0.34564 0.34898 0.3523
1053 1053 0.34953 0.34564 0.34898 0.3523
1054 1054 0.34953 0.34564 0.34898 0.3523
1055 1055 0.34953 0.34564 0.34898 0.3523
1056 1056 0.34953 0.34564 0.34898 0.3523
1057 1057 0.34953 0.34564 0.34898 0.3523
1058 1058 0.34953 0.34564 0.34898 0.3523
1059 1059 0.34953 0.34564 0.34898 0.3523
1060 1060 0.34953 0.34564 0.34898 0.3523
1061 1061 0.34953 0.34564 0.34898 0.3523
1062 1062 0.34953 0.34564 0.34898 0.3523
1063 1063 0.34953 0.34564 0.34898 0.3523
1064 1064 0.34953 0.34564 0.34898 0.3523
1065 1065 0.34953 0.34564 0.34898 0.3523
1066 1066 0.34953 0.34564 0.34898 0.3523
1067 1067 0.34953 0.34564 0.34898 0.3523
1068 1068 0.34953 0.34564 0.34898 0.3523
1069 1069 0.34953 0.34564 0.34898 0.3523
1070 1070 0.34953 0.34564 0.34898 0.3523
1071 1071 0.34953 0.34564 0.34898 0.3523
1072 1072 0.34953 0.34564 0.34898 0.3523
1073 1073 0.34953 0.34564 0.34898 0.3523
1074 1074 0.34953 0.34564 0.34898 0.3523
1075 1075 0.34953 0.34564 0.34898 0.3523
1076 1076 0.34953 0.34564 0.34898 0.3523
1077 1077 0.34953 0.34564 0.34898 0.3523
1078 1078 0.34953 0.34564 0.34898 0.3523
1079 1079 0.34953 0.34564 0.34898 0.3523
1080 1080 0.34953 0.34564 0.34898 0.3523
1081 1081 0.34953 0.34564 0.34898 0.3523
1082 1082 0.34953 0.34564 0.34898 0.3523
1083 1083 0.34953 0.34564 0.34898 0.3523
1084 1084 0.34953 0.34564 0.34898 0.3523
1085 1085 0.34953 0.34564 0.34898 0.3523
1086 1086 0.34953 0.34564 0.34898 0.3523
1087 1087 0.34953 0.34564 0.34898 0.3523
1088 1088 0.34953 0.34564 0.34898 0.3523
1089 1089 0.34953 0.34564 0.34898 0.3523
1090 1090 0.34953 0.34564 0.34898 0.3523
1091 1091 0.34953 0.34564 0.34898 0.3523
1092 1092 0.34953 0.34564 0.34898 0.3523
1093 1093 0.34953 0.34564 0.34898 0.3523
1094 1094 0.34953 0.34564 0.34898 0.3523
1095 1095 0.34953 0.34564 0.34898 0.3523
1096 1096 0.34953 0.34564 0.34898 0.3523
1097 1097 0.34953 0.34564 0.34898 0.3523
1098 1098 0.34953 0.34564 0.34898 0.3523
1099 1099 0.34953 0.34564 0.34898 0.3523
1100 1100 0.34953 0.34564 0.34898 0.3523
1101 1101 0.34953 0.34564 0.34898 0.3523
1102 1102 0.34953 0.34564 0.34898 0.3523
1103 1103 0.34953 0.34564 0.34898 0.3523
1104 1104 0.34953 0.34564 0.34898 0.3523
1105 1105 0.34953 0.34564 0.34898 0.3523
1106 1106 0.34953 0.34564 0.34898 0.3523
1107 1107 0.34953 0.34564 0.34898 0.3523
1108 1108 0.34953 0.34564 0.34898 0.3523
1109 1109 0.34953 0.34564 0.34898 0.3523
1110 1110 0.34953 0.34564 0.34898 0.3523
1111 1111 0.34953 0.34564 0.34898 0.3523
1112 1112 0.34953 0.34564 0.34898 0.3523
1113 1113 0.34953 0.34564 0.34898 0.3523
1114 1114 0.34953 0.34564 0.34898 0.3523
1115 1115 0.34953 0.34564 0.34898 0.3523
1116 1116 0.34953 0.34564 0.34898 0.3523
1117 1117 0.34953 0.34564 0.34898 0.3523
1118 1118 0.34953 0.34564 0.34898 0.3523
1119 1119 0.34953 0.34564 0.34898 0.3523
1120 1120 0.34953 0.34564 0.34898 0.3523
1121 1121 0.34953 0.34564 0.34898 0.3523
1122 1122 0.34953 0.34564 0.34898 0.3523
1123 1123 0.34953 0.34564 0.34898 0.3523
1124 1124 0.34953 0.34564 0.34898 0.3523
1125 1125 0.34953 0.34564 0.34898 0.35189
1126 1126 0.34953 0.34564 0.34898 0.35189
1127 1127 0.34953 0.34564 0.34898 0.35189
1128 1128 0.34953 0.34564 0.34898 0.35189
1129 1129 0.34953 0.34564 0.34898 0.35189
1130 1130 0.34953 0.34564 0.34898 0.35189
1131 1131 0.34953 0.34564 0.34898 0.35189
1132 1132 0.34953 0.34564 0.34898 0.35189
1133 1133 0.34953 0.34564 0.34898 0.35189
1134 1134 0.34953 0.34564 0.34898 0.35189
1135 1135 0.34953 0.34564 0.34898 0.35189
1136 1136 0.34953 0.34564 0.34898 0.35189
1137 1137 0.34953 0.34564 0.34898 0.35189
1138 1138 0.34953 0.34564 0.34898 0.35189
1139 1139 0.34953 0.34564 0.34898 0.35189
1140 1140 0.34953 0.34564 0.34898 0.35189
1141 1141 0.34953 0.34564 0.34898 0.35189
1142 1142 0.34953 0.34564 0.34898 0.35189
1143 1143 0.34953 0.34564 0.34898 0.35189
1144 1144 0.34953 0.34564 0.34898 0.35189
1145 1145 0.34953 0.34564 0.34898 0.35189
1146 1146 0.34953 0.34564 0.34898 0.35189
1147 1147 0.34953 0.34564 0.34898 0.35189
1148 1148 0.34953 0.34564 0.34898 0.35189
1149 1149 0.34953 0.34564 0.34898 0.35189
1150 1150 0.34953 0.34564 0.34898 0.35189
1151 1151 0.34953 0.34564 0.34898 0.35189
1152 1152 0.34953 0.34564 0.34898 0.35189
1153 1153 0.34953 0.34564 0.34898 0.35189
1154 1154 0.34953 0.34564 0.34898 0.35189
1155 1155 0.34953 0.34564 0.34898 0.35189
1156 1156 0.34953 0.34564 0.34898 0.35189
1157 1157 0.34953 0.34564 0.34898 0.35189
1158 1158 0.34953 0.34564 0.34898 0.35189
1159 1159 0.34953 0.34564 0.34898 0.35189
1160 1160 0.34953 0.34564 0.34898 0.35189
1161 1161 0.34953 0.34564 0.34898 0.35189
1162 1162 0.34953 0.34564 0.34898 0.35189
1163 1163 0.34953 0.34564 0.34898 0.35189
1164 1164 0.34953 0.34564 0.34898 0.35189
1165 1165 0.34953 0.34564 0.34898 0.35189
1166 1166 0.34953 0.34564 0.34898 0.35189
1167 1167 0.34953 0.34564 0.34898 0.35189
1168 1168 0.34953 0.34564 0.34898 0.35189
1169 1169 0.34953 0.34564 0.34898 0.35189
1170 1170 0.34953 0.34564 0.34898 0.35189
1171 1171 0.34953 0.34564 0.34898 0.35189
1172 1172 0.34953 0.34564 0.34898 0.35189
1173 1173 0.34953 0.34564 0.34898 0.35189
1174 1174 0.34953 0.34564 0.34898 0.35189
1175 1175 0.34953 0.34564 0.34898 0.35189
1176 1176 0.34953 0.34564 0.34898 0.35189
1177 1177 0.34953 0.34564 0.34898 0.35189
1178 1178 0.34953 0.34564 0.34898 0.35189
1179 1179 0.34953 0.34564 0.34898 0.35189
1180 1180 0.34953 0.34564 0.34898 0.35189
1181 1181 0.34953 0.34564 0.34898 0.35189
1182 1182 0.34953 0.34564 0.34898 0.35189
1183 1183 0.34953 0.34564 0.34898 0.35189
1184 1184 0.34953 0.34564 0.34898 0.35189
1185 1185 0.34953 0.34564 0.34898 0.35189
1186 1186 0.34953 0.34564 0.34898 0.35189
1187 1187 0.34953 0.34564 0.34898 0.35189
1188 1188 0.34953 0.34564 0.34898 0.35189
1189 1189 0.34953 0.34564 0.34898 0.35189
1190 1190 0.34953 0.34564 0.34898 0.35189
1191 1191 0.34953 0.34539 0.34898 0.35189
1192 1192 0.34953 0.34539 0.34898 0.35189
1193 1193 0.34953 0.34539 0.34898 0.35189
1194 1194 0.34953 0.34539 0.34898 0.35189
1195 1195 0.34953 0.34539 0.34898 0.35189
1196 1196 0.34953 0.34539 0.34898 0.35189
1197 1197 0.34953 0.34539 0.34898 0.35189
1198 1198 0.34953 0.34539 0.34898 0.35189
1199 1199 0.34953 0.34539 0.34898 0.35189
1200 1200 0.34953 0.34539 0.34898 0.35189
1201 1201 0.34953 0.34539 0.34898 0.35189
1202 1202 0.34953 0.34539 0.34898 0.35189
1203 1203 0.34953 0.34539 0.34898 0.35189
1204 1204 0.34953 0.34539 0.34898 0.35189
1205 1205 0.34953 0.34539 0.34898 0.35189
1206 1206 0.34953 0.34539 0.34898 0.35189
1207 1207 0.34953 0.34539 0.34898 0.35189
1208 1208 0.34953 0.34539 0.34898 0.35189
1209 1209 0.34953 0.34539 0.34898 0.35189
1210 1210 0.34953 0.34539 0.34898 0.35189
1211 1211 0.34953 0.34539 0.34898 0.35189
1212 1212 0.34953 0.34539 0.34898 0.35189
1213 1213 0.34953 0.34539 0.34898 0.35189
1214 1214 0.34953 0.34539 0.34898 0.35189
1215 1215 0.34953 0.34536 0.34898 0.35189
1216 1216 0.34953 0.34536 0.34898 0.35189
1217 1217 0.34953 0.34536 0.34898 0.35189
1218 1218 0.34953 0.34536 0.34898 0.35189
1219 1219 0.34953 0.34536 0.34898 0.35189
1220 1220 0.34953 0.34536 0.34898 0.35189
1221 1221 0.34953 0.34536 0.34898 0.35189
1222 1222 0.34953 0.34536 0.34898 0.35189
1223 1223 0.34953 0.34536 0.34898 0.35189
1224 1224 0.34953 0.34536 0.34898 0.35189
1225 1225 0.34953 0.34536 0.34898 0.35189
1226 1226 0.34953 0.34536 0.34898 0.35189
1227 1227 0.34953 0.34536 0.34898 0.35189
1228 1228 0.34953 0.34536 0.34898 0.35189
1229 1229 0.34953 0.34536 0.34898 0.35189
1230 1230 0.34953 0.34536 0.34898 0.35189
1231 1231 0.34953 0.34536 0.34898 0.35189
1232 1232 0.34953 0.34536 0.34898 0.35189
1233 1233 0.34953 0.34536 0.34898 0.35189
1234 1234 0.34953 0.34536 0.34898 0.35189
1235 1235 0.34953 0.34536 0.34898 0.35189
1236 1236 0.34953 0.34536 0.34898 0.35189
1237 1237 0.34953 0.34536 0.34898 0.35189
1238 1238 0.34953 0.34536 0.34898 0.35189
1239 1239 0.34953 0.34536 0.34898 0.35189
1240 1240 0.34953 0.34536 0.34898 0.35189
1241 1241 0.34953 0.34536 0.34898 0.35189
1242 1242 0.34953 0.34536 0.34898 0.35189
1243 1243 0.34953 0.34536 0.34898 0.35189
1244 1244 0.34953 0.34536 0.34898 0.35189
1245 1245 0.34953 0.34536 0.34898 0.35189
1246 1246 0.34953 0.34536 0.34898 0.35189
1247 1247 0.34953 0.34536 0.34898 0.35189
1248 1248 0.34953 0.34536 0.34898 0.35189
1249 1249 0.34821 0.34536 0.34898 0.35189
1250 1250 0.34821 0.34536 0.34898 0.35189
1251 1251 0.34821 0.34536 0.34898 0.35189
1252 1252 0.34821 0.34536 0.34898 0.35189
1253 1253 0.34821 0.34536 0.34898 0.35189
1254 1254 0.34821 0.34536 0.34898 0.35189
1255 1255 0.34821 0.34536 0.34898 0.35189
1256 1256 0.34821 0.34536 0.34898 0.35189
1257 1257 0.34821 0.34536 0.34898 0.35189
1258 1258 0.34821 0.34536 0.34898 0.35189
1259 1259 0.34821 0.34536 0.34898 0.35189
1260 1260 0.34821 0.34536 0.34898 0.35189
1261 1261 0.34821 0.34536 0.34898 0.35189
1262 1262 0.34821 0.34536 0.34898 0.35189
1263 1263 0.34821 0.34536 0.34898 0.35189
1264 1264 0.34821 0.34536 0.34898 0.35189
1265 1265 0.34821 0.34536 0.34898 0.35189
1266 1266 0.34821 0.34536 0.34898 0.35189
1267 1267 0.34821 0.34536 0.34898 0.35189
1268 1268 0.34821 0.34536 0.34898 0.35189
1269 1269 0.34821 0.34536 0.34898 0.35189
1270 1270 0.34821 0.34536 0.34898 0.35189
1271 1271 0.34821 0.34536 0.34898 0.35189
1272 1272 0.34821 0.34536 0.34898 0.35189
1273 1273 0.34821 0.34536 0.34898 0.35189
1274 1274 0.34821 0.34536 0.34898 0.35189
1275 1275 0.34821 0.34536 0.34898 0.35189
1276 1276 0.34821 0.34536 0.34898 0.35189
1277 1277 0.34821 0.34536 0.34898 0.35189
1278 1278 0.34821 0.34536 0.34898 0.35189
1279 1279 0.34821 0.34536 0.34898 0.35189
1280 1280 0.34821 0.34536 0.34898 0.35189
1281 1281 0.34821 0.34536 0.34898 0.35189
1282 1282 0.34821 0.34536 0.34898 0.35189
1283 1283 0.34821 0.34536 0.34898 0.35189
1284 1284 0.34821 0.34536 0.34898 0.35189
1285 1285 0.34821 0.34536 0.34898 0.35189
1286 1286 0.34821 0.34536 0.34898 0.35189
1287 1287 0.34821 0.34536 0.34898 0.35189
1288 1288 0.34821 0.34536 0.34898 0.35189
1289 1289 0.34821 0.34536 0.34898 0.35189
1290 1290 0.34821 0.34536 0.34898 0.35189
1291 1291 0.34821 0.34536 0.34898 0.35189
1292 1292 0.34821 0.34536 0.34898 0.35189
1293 1293 0.34821 0.34536 0.34898 0.35189
1294 1294 0.34821 0.34536 0.34898 0.35189
1295 1295 0.34821 0.34536 0.34898 0.35189
1296 1296 0.34821 0.34536 0.34898 0.35189
1297 1297 0.34821 0.34536 0.34898 0.35189
1298 1298 0.34821 0.34536 0.34898 0.35189
1299 1299 0.34821 0.34536 0.34898 0.35189
1300 1300 0.34821 0.34536 0.34898 0.35189
1301 1301 0.34821 0.34536 0.34898 0.35189
1302 1302 0.34821 0.34536 0.34898 0.35189
1303 1303 0.34821 0.34536 0.34898 0.35189
1304 1304 0.34821 0.34536 0.34898 0.35189
1305 1305 0.34821 0.34536 0.34898 0.35189
1306 1306 0.34821 0.34536 0.34898 0.35189
1307 1307 0.34821 0.34536 0.34898 0.35189
1308 1308 0.34821 0.34536 0.34898 0.35189
1309 1309 0.34821 0.34536 0.34898 0.35189
1310 1310 0.34821 0.34536 0.34898 0.35189
1311 1311 0.34821 0.34536 0.34898 0.35189
1312 1312 0.34821 0.34536 0.34898 0.35189
1313 1313 0.34821 0.34536 0.34898 0.35189
1314 1314 0.34821 0.34536 0.34898 0.35189
1315 1315 0.34821 0.34536 0.34898 0.35189
1316 1316 0.34821 0.34536 0.34898 0.35189
1317 1317 0.34821 0.34536 0.34898 0.35189
1318 1318 0.34821 0.34536 0.34898 0.35189
1319 1319 0.34821 0.34536 0.34898 0.35189
1320 1320 0.34821 0.34536 0.34898 0.35189
1321 1321 0.34821 0.34536 0.34898 0.35189
1322 1322 0.34821 0.34536 0.34898 0.35189
1323 1323 0.34821 0.34536 0.34898 0.35189
1324 1324 0.34821 0.34536 0.34898 0.35189
1325 1325 0.34821 0.34536 0.34898 0.35189
1326 1326 0.34821 0.34536 0.34898 0.35189
1327 1327 0.34821 0.34536 0.34898 0.35189
1328 1328 0.34821 0.34536 0.34898 0.35189
1329 1329 0.34821 0.34536 0.34898 0.35189
1330 1330 0.34821 0.34536 0.34898 0.35189
1331 1331 0.34821 0.34536 0.34898 0.35189
1332 1332 0.34821 0.34536 0.34898 0.35189
1333 1333 0.34821 0.34536 0.34898 0.35189
1334 1334 0.34821 0.34536 0.34898 0.35189
1335 1335 0.34821 0.34536 0.34898 0.35189
1336 1336 0.34821 0.34536 0.34898 0.35189
1337 1337 0.34821 0.34536 0.34898 0.35189
1338 1338 0.34821 0.34536 0.34898 0.35189
1339 1339 0.34821 0.34536 0.34898 0.35189
1340 1340 0.34821 0.34536 0.34898 0.35189
1341 1341 0.34821 0.34536 0.34898 0.35189
1342 1342 0.34821 0.34536 0.34898 0.35189
1343 1343 0.34821 0.34536 0.34898 0.35189
1344 1344 0.34821 0.34536 0.34898 0.35189
1345 1345 0.34821 0.34536 0.34898 0.35189
1346 1346 0.34821 0.34536 0.34898 0.35189
1347 1347 0.34821 0.34536 0.34898 0.35189
1348 1348 0.34821 0.34536 0.34898 0.35189
1349 1349 0.34821 0.34536 0.34898 0.35189
1350 1350 0.34821 0.34536 0.34898 0.35189
1351 1351 0.34821 0.34536 0.34898 0.35189
1352 1352 0.34821 0.34536 0.34898 0.35189
1353 1353 0.34821 0.34536 0.34898 0.35189
1354 1354 0.34821 0.34536 0.34898 0.35189
1355 1355 0.34821 0.34536 0.34898 0.35189
1356 1356 0.34821 0.34536 0.34898 0.35189
1357 1357 0.34821 0.34536 0.34898 0.35189
1358 1358 0.34821 0.34536 0.34898 0.35189
1359 1359 0.34821 0.34536 0.34898 0.35189
1360 1360 0.34821 0.34536 0.34898 0.35189
1361 1361 0.34821 0.34536 0.34898 0.35189
1362 1362 0.34821 0.34536 0.34898 0.35189
1363 1363 0.34821 0.34536 0.34898 0.35189
1364 1364 0.34821 0.34536 0.34898 0.35189
1365 1365 0.34821 0.34536 0.34898 0.35189
1366 1366 0.34821 0.34536 0.34898 0.35189
1367 1367 0.34821 0.34536 0.34898 0.35189
1368 1368 0.34821 0.34536 0.34898 0.35189
1369 1369 0.34821 0.34536 0.34898 0.35189
1370 1370 0.34821 0.34536 0.34898 0.35189
1371 1371 0.34821 0.34536 0.34898 0.35189
1372 1372 0.34821 0.34536 0.34898 0.35189
1373 1373 0.34821 0.34536 0.34898 0.35189
1374 1374 0.34821 0.34536 0.34898 0.35189
1375 1375 0.34821 0.34536 0.34898 0.35189
1376 1376 0.34821 0.34536 0.34898 0.35189
1377 1377 0.34821 0.34536 0.34898 0.35189
1378 1378 0.34821 0.34536 0.34898 0.35189
1379 1379 0.34821 0.34536 0.34898 0.35189
1380 1380 0.34821 0.34536 0.34898 0.35189
1381 1381 0.34821 0.34536 0.34898 0.35189
1382 1382 0.34821 0.34536 0.34898 0.35189
1383 1383 0.34821 0.34536 0.34898 0.35189
1384 1384 0.34821 0.34536 0.34898 0.35189
1385 1385 0.34821 0.34536 0.34898 0.35189
1386 1386 0.34821 0.34536 0.34898 0.35189
1387 1387 0.34821 0.34536 0.34898 0.35189
1388 1388 0.34821 0.34536 0.34898 0.35189
1389 1389 0.34821 0.34536 0.34898 0.35189
1390 1390 0.34821 0.34536 0.34898 0.35189
1391 1391 0.34821 0.34536 0.34898 0.35189
1392 1392 0.34821 0.34536 0.34898 0.35189
1393 1393 0.34821 0.34536 0.34898 0.35189
1394 1394 0.34821 0.34536 0.34898 0.35189
1395 1395 0.34821 0.34536 0.34898 0.35189
1396 1396 0.34821 0.34536 0.34898 0.35189
1397 1397 0.34821 0.34536 0.34898 0.35189
1398 1398 0.34821 0.34536 0.34898 0.35189
1399 1399 0.34821 0.34536 0.34898 0.35189
1400 1400 0.34821 0.34536 0.34898 0.35189
1401 1401 0.34821 0.34536 0.34898 0.35189
1402 1402 0.34821 0.34536 0.34898 0.35189
1403 1403 0.34821 0.34536 0.34898 0.35189
1404 1404 0.34821 0.34536 0.34898 0.35189
1405 1405 0.34821 0.34536 0.34898 0.35189
1406 1406 0.34821 0.34536 0.34898 0.35189
1407 1407 0.34821 0.34536 0.34898 0.35189
1408 1408 0.34821 0.34536 0.34898 0.35189
1409 1409 0.34821 0.34536 0.34898 0.35189
1410 1410 0.34821 0.34536 0.34898 0.35189
1411 1411 0.34821 0.34536 0.34898 0.35189
1412 1412 0.34821 0.34536 0.34898 0.35189
1413 1413 0.34821 0.34536 0.34898 0.35189
1414 1414 0.34821 0.34536 0.34898 0.35189
1415 1415 0.34821 0.34536 0.34898 0.35189
1416 1416 0.34821 0.34536 0.34898 0.35189
1417 1417 0.34821 0.34536 0.34898 0.35189
1418 1418 0.34821 0.34536 0.34898 0.35189
1419 1419 0.34821 0.34523 0.34898 0.35189
1420 1420 0.34821 0.34523 0.34898 0.35189
1421 1421 0.34821 0.34523 0.34898 0.35189
1422 1422 0.34821 0.34523 0.34898 0.35189
1423 1423 0.34821 0.34523 0.34898 0.35189
1424 1424 0.34821 0.34523 0.34898 0.35189
1425 1425 0.34821 0.34523 0.34898 0.35189
1426 1426 0.34821 0.34523 0.34898 0.35189
1427 1427 0.34821 0.34523 0.34898 0.35189
1428 1428 0.34821 0.34523 0.34898 0.35189
1429 1429 0.34821 0.34523 0.34898 0.35189
1430 1430 0.34821 0.34523 0.34898 0.35189
1431 1431 0.34821 0.34523 0.34898 0.35189
1432 1432 0.34821 0.34523 0.34898 0.35189
1433 1433 0.34821 0.34523 0.34898 0.35189
1434 1434 0.34821 0.34523 0.34898 0.35189
1435 1435 0.34821 0.34523 0.34898 0.35189
1436 1436 0.34821 0.34523 0.34898 0.35189
1437 1437 0.34821 0.34523 0.34898 0.35189
1438 1438 0.34821 0.34523 0.34898 0.35189
1439 1439 0.34821 0.34523 0.34898 0.35189
1440 1440 0.34821 0.34523 0.34898 0.35189
1441 1441 0.34821 0.34523 0.34898 0.35189
1442 1442 0.34821 0.34523 0.34898 0.35189
1443 1443 0.34821 0.34523 0.34898 0.35189
1444 1444 0.34821 0.34523 0.34898 0.35189
1445 1445 0.34821 0.34523 0.34898 0.35189
1446 1446 0.34821 0.34523 0.34898 0.35189
1447 1447 0.34821 0.34523 0.34898 0.35189
1448 1448 0.34821 0.34523 0.34898 0.35189
1449 1449 0.34821 0.34523 0.34898 0.35189
1450 1450 0.34821 0.34523 0.34898 0.35189
1451 1451 0.34821 0.34523 0.34898 0.35189
1452 1452 0.34821 0.34523 0.34898 0.35189
1453 1453 0.34821 0.34523 0.34898 0.35189
1454 1454 0.34821 0.34523 0.34898 0.35189
1455 1455 0.34821 0.34523 0.34898 0.35189
1456 1456 0.34821 0.34523 0.34898 0.35189
1457 1457 0.34821 0.34523 0.34898 0.35189
1458 1458 0.34821 0.34523 0.34898 0.35189
1459 1459 0.34821 0.34523 0.34898 0.35189
1460 1460 0.34821 0.34523 0.34898 0.35189
1461 1461 0.34821 0.34523 0.34898 0.35189
1462 1462 0.34821 0.34523 0.34898 0.35189
1463 1463 0.34821 0.34523 0.34898 0.35189
1464 1464 0.34821 0.34523 0.34898 0.35189
1465 1465 0.34821 0.34523 0.34898 0.35189
1466 1466 0.34821 0.34523 0.34898 0.35189
1467 1467 0.34821 0.34523 0.34898 0.35189
1468 1468 0.34821 0.34523 0.34898 0.35189
1469 1469 0.34821 0.34523 0.34898 0.35189
1470 1470 0.34821 0.34523 0.34898 0.35189
1471 1471 0.34821 0.34523 0.34898 0.35189
1472 1472 0.34821 0.34523 0.34898 0.35189
1473 1473 0.34821 0.34523 0.34898 0.35189
1474 1474 0.34821 0.34523 0.34898 0.35189
1475 1475 0.34821 0.34523 0.34898 0.35189
1476 1476 0.34821 0.34523 0.34898 0.35189
1477 1477 0.34821 0.34523 0.34898 0.35189
1478 1478 0.34821 0.34523 0.34898 0.35189
1479 1479 0.34821 0.34523 0.34898 0.35189
1480 1480 0.34821 0.34523 0.34898 0.35189
1481 1481 0.34821 0.34523 0.34898 0.35189
1482 1482 0.34821 0.34523 0.34898 0.35189
1483 1483 0.34821 0.34523 0.34898 0.35189
1484 1484 0.34821 0.34523 0.34898 0.35189
1485 1485 0.34821 0.34523 0.34898 0.35189
1486 1486 0.34821 0.34523 0.34898 0.35189
1487 1487 0.34821 0.34523 0.34898 0.35189
1488 1488 0.34821 0.34523 0.34898 0.35189
1489 1489 0.34821 0.34523 0.34898 0.35189
1490 1490 0.34821 0.34523 0.34898 0.35189
1491 1491 0.34821 0.34523 0.34898 0.35189
1492 1492 0.34821 0.34523 0.34898 0.35189
1493 1493 0.34821 0.34523 0.34898 0.35189
1494 1494 0.34821 0.34523 0.34898 0.35189
1495 1495 0.34821 0.34523 0.34898 0.35189
1496 1496 0.34821 0.34523 0.34898 0.35189
1497 1497 0.34821 0.34523 0.34898 0.35189
1498 1498 0.34821 0.34523 0.34898 0.35189
1499 1499 0.34821 0.34523 0.34898 0.35189
1500 1500 0.34821 0.34523 0.34898 0.35189
