0.679975356438087
0.667128042063422
0.67622917062062
0.645017889992896
0.675035975881305
0.666873379412955
0.647992528231646
0.659286543678897
0.647351537834556
0.628471435007341
0.644981298751761
0.632090695860619
0.668181638418083
0.689603911396896
0.659263710201906
0.63305718581807
0.666048472830281
0.636426621160042
0.665765110546836
0.66658321183173
0.66840732388755
0.617818377140402
0.663444791209736
0.687057636928069
0.663253732805645
0.663402457093535
0.640259190057391
0.663695078777625
0.645885083143113
0.649021308820846
0.643698684020573
0.674887554279681
0.668487721422194
0.667395300831354
0.635580770482274
0.654729670188923
0.65842576343684
0.682821860246921
0.645191643152977
0.652780904481115
0.690344201924041
0.679750096186683
0.64461163928827
0.696485276317741
0.609590380008852
0.652145314443017
0.674041952200105
0.676412843497404
0.666597417458542
0.657549209004947
0.658687513589796
0.625926150730802
0.655822411418093
0.656410231367032
0.625708343444522
0.61409584940955
0.639399185507131
0.618224605853895
0.668110526063236
0.664597026355387
0.65020634545457
0.674698499622418
0.649217113172682
0.685910760654197
0.700173674230408
0.658151061008377
0.643330912413023
0.623781209006529
0.669251061214358
0.631928325961864
0.655678067180609
0.644460186742468
0.637184718905587
0.646745884430544
0.655925284723928